   7.99999980E-04   3.87350708E-04
   1.59999996E-03   5.42515249E-04
   2.39999988E-03   7.55675079E-04
   3.19999992E-03   1.04681100E-03
   3.99999972E-03   1.44213857E-03
   4.79999976E-03   1.97579549E-03
   5.59999980E-03   2.69196182E-03
   6.39999984E-03   3.64735024E-03
   7.19999988E-03   4.91430331E-03
   7.99999945E-03   6.58436725E-03
   8.79999995E-03   8.77252501E-03
   9.59999952E-03   1.16220992E-02
   1.04000000E-02   1.53103434E-02
   1.11999996E-02   2.00545844E-02
   1.20000001E-02   2.61193346E-02
   1.27999997E-02   3.38233933E-02
   1.35999992E-02   4.35479097E-02
   1.43999998E-02   5.57441525E-02
   1.51999993E-02   7.09411800E-02
   1.59999989E-02   8.97534043E-02
   1.67999994E-02  0.112885907    
   1.75999999E-02  0.141139612    
   1.84000004E-02  0.175411895    
   1.91999990E-02  0.216695428    
   1.99999996E-02  0.266073078    
   2.08000001E-02  0.324704438    
   2.15999987E-02  0.393810153    
   2.23999992E-02  0.474646837    
   2.31999997E-02  0.568470836    
   2.40000002E-02  0.676499546    
   2.47999988E-02  0.799857914    
   2.55999994E-02  0.939517319    
   2.63999999E-02   1.09622824    
   2.71999985E-02   1.27043426    
   2.79999990E-02   1.46219766    
   2.87999995E-02   1.67110085    
   2.96000000E-02   1.89616072    
   3.03999986E-02   2.13573694    
   3.11999992E-02   2.38745856    
   3.19999978E-02   2.64814115    
   3.28000002E-02   2.91374755    
   3.35999988E-02   3.17934895    
   3.43999974E-02   3.43912935    
   3.51999998E-02   3.68642068    
   3.59999985E-02   3.91376591    
   3.68000008E-02   4.11304140    
   3.75999995E-02   4.27560806    
   3.83999981E-02   4.39251709    
   3.92000005E-02   4.45475101    
   3.99999991E-02   4.45350599    
   4.07999977E-02   4.38050318    
   4.16000001E-02   4.22832346    
   4.23999988E-02   3.99075651    
   4.31999974E-02   3.66313601    
   4.39999998E-02   3.24266934    
   4.47999984E-02   2.72873116    
   4.55999970E-02   2.12309790    
   4.63999994E-02   1.43012524    
   4.71999981E-02  0.656863570    
   4.80000004E-02 -0.186964050    
   4.87999991E-02  -1.08901358    
   4.95999977E-02  -2.03454518    
   5.04000001E-02  -3.00669694    
   5.11999987E-02  -3.98686671    
   5.19999973E-02  -4.95520926    
   5.27999997E-02  -5.89117527    
   5.35999984E-02  -6.77409458    
   5.43999970E-02  -7.58383608    
   5.51999994E-02  -8.30143452    
   5.59999980E-02  -8.90970135    
   5.68000004E-02  -9.39381695    
   5.75999990E-02  -9.74181938    
   5.83999977E-02  -9.94502926    
   5.92000000E-02  -9.99834538    
   5.99999987E-02  -9.90042400    
   6.07999973E-02  -9.65373135    
   6.15999997E-02  -9.26444817    
   6.23999983E-02  -8.74226379    
   6.31999969E-02  -8.10002995    
   6.39999956E-02  -7.35332489    
   6.48000017E-02  -6.51991272    
   6.56000003E-02  -5.61918736    
   6.63999990E-02  -4.67149973    
   6.71999976E-02  -3.69754267    
   6.79999962E-02  -2.71772313    
   6.87999949E-02  -1.75157535    
   6.96000010E-02 -0.817217767    
   7.03999996E-02   6.90573379E-02
   7.11999983E-02  0.893199146    
   7.19999969E-02   1.64362729    
   7.27999955E-02   2.31139970    
   7.36000016E-02   2.89027691    
   7.44000003E-02   3.37666655    
   7.51999989E-02   3.76952744    
   7.59999976E-02   4.07015562    
   7.67999962E-02   4.28192902    
   7.75999948E-02   4.41000366    
   7.84000009E-02   4.46098518    
   7.91999996E-02   4.44257975    
   7.99999982E-02   4.36325741    
   8.07999969E-02   4.23191547    
   8.15999955E-02   4.05757952    
   8.24000016E-02   3.84912848    
   8.32000002E-02   3.61507130    
   8.39999989E-02   3.36334801    
   8.47999975E-02   3.10118985    
   8.55999961E-02   2.83502150    
   8.63999948E-02   2.57039881    
   8.72000009E-02   2.31198072    
   8.79999995E-02   2.06355524    
   8.87999982E-02   1.82805586    
   8.95999968E-02   1.60763144    
   9.03999954E-02   1.40371871    
   9.11999941E-02   1.21712339    
   9.20000002E-02   1.04811108    
   9.27999988E-02  0.896501422    
   9.35999975E-02  0.761748135    
   9.43999961E-02  0.643029332    
   9.51999947E-02  0.539320350    
   9.60000008E-02  0.449463248    
   9.67999995E-02  0.372225165    
   9.75999981E-02  0.306344032    
   9.83999968E-02  0.250571966    
   9.91999954E-02  0.203703776    
   9.99999940E-02  0.164600924    
  0.100800000      0.132206127    
  0.101599999      0.105554968    
  0.102399997       8.37780759E-02
  0.103199996       6.61034137E-02
  0.103999995       5.18530980E-02
  0.104800001       4.04386744E-02
  0.105599999       3.13548706E-02
  0.106399998       2.41719857E-02
  0.107199997       1.85280535E-02
  0.107999995       1.41211441E-02
  0.108799994       1.07014384E-02
  0.109600000       8.06409959E-03
  0.110399999       6.04259130E-03
  0.111199997       4.50248271E-03
  0.111999996       3.33618512E-03
  0.112799995       2.45825108E-03
  0.113600001       1.80130021E-03
  0.114399999       1.31262408E-03
  0.115199998       9.51248629E-04
  0.115999997       6.85573439E-04
  0.116799995       4.91388142E-04
  0.117599994       3.50279675E-04
  0.118400000       2.48329423E-04
  0.119199999       0.00000000    
  0.119999997       0.00000000    
  0.120799996       0.00000000    
  0.121599995       0.00000000    
  0.122399993       0.00000000    
  0.123199999       0.00000000    
  0.123999998       0.00000000    
  0.124799997       0.00000000    
  0.125599995       0.00000000    
  0.126399994       0.00000000    
  0.127199993       0.00000000    
  0.127999991       0.00000000    
  0.128799990       0.00000000    
  0.129600003       0.00000000    
  0.130400002       0.00000000    
  0.131200001       0.00000000    
  0.131999999       0.00000000    
  0.132799998       0.00000000    
  0.133599997       0.00000000    
  0.134399995       0.00000000    
  0.135199994       0.00000000    
  0.135999992       0.00000000    
  0.136799991       0.00000000    
  0.137599990       0.00000000    
  0.138400003       0.00000000    
  0.139200002       0.00000000    
  0.140000001       0.00000000       
