           1  0.939413071    
           2  0.940582216    
           3  0.941740990    
           4  0.942889452    
           5  0.944027483    
           6  0.945155084    
           7  0.946272194    
           8  0.947378814    
           9  0.948474884    
          10  0.949560285    
          11  0.950635076    
          12  0.951699197    
          13  0.952752590    
          14  0.953795254    
          15  0.954827130    
          16  0.955848098    
          17  0.956858277    
          18  0.957857490    
          19  0.958845794    
          20  0.959823132    
          21  0.960789442    
          22  0.961744726    
          23  0.962688863    
          24  0.963621914    
          25  0.964543819    
          26  0.965454578    
          27  0.966354072    
          28  0.967242301    
          29  0.968119264    
          30  0.968984902    
          31  0.969839215    
          32  0.970682085    
          33  0.971513629    
          34  0.972333670    
          35  0.973142266    
          36  0.973939359    
          37  0.974724889    
          38  0.975498915    
          39  0.976261318    
          40  0.977012098    
          41  0.977751255    
          42  0.978478730    
          43  0.979194462    
          44  0.979898512    
          45  0.980590820    
          46  0.981271327    
          47  0.981940091    
          48  0.982596993    
          49  0.983241975    
          50  0.983875155    
          51  0.984496415    
          52  0.985105813    
          53  0.985703170    
          54  0.986288607    
          55  0.986862063    
          56  0.987423480    
          57  0.987972915    
          58  0.988510251    
          59  0.989035547    
          60  0.989548743    
          61  0.990049839    
          62  0.990538776    
          63  0.991015613    
          64  0.991480231    
          65  0.991932690    
          66  0.992372990    
          67  0.992801011    
          68  0.993216872    
          69  0.993620455    
          70  0.994011760    
          71  0.994390786    
          72  0.994757533    
          73  0.995112002    
          74  0.995454133    
          75  0.995783925    
          76  0.996101379    
          77  0.996406496    
          78  0.996699214    
          79  0.996979594    
          80  0.997247517    
          81  0.997503102    
          82  0.997746289    
          83  0.997977078    
          84  0.998195410    
          85  0.998401284    
          86  0.998594761    
          87  0.998775721    
          88  0.998944283    
          89  0.999100387    
          90  0.999244034    
          91  0.999375224    
          92  0.999493897    
          93  0.999600053    
          94  0.999693811    
          95  0.999775052    
          96  0.999843776    
          97  0.999899983    
          98  0.999943733    
          99  0.999975026    
         100  0.999993742    
