           1  0.978189111    
           2  0.978622794    
           3  0.979052246    
           4  0.979477525    
           5  0.979898512    
           6  0.980315328    
           7  0.980727851    
           8  0.981136203    
           9  0.981540263    
          10  0.981940091    
          11  0.982335627    
          12  0.982726932    
          13  0.983113945    
          14  0.983496666    
          15  0.983875155    
          16  0.984249353    
          17  0.984619260    
          18  0.984984875    
          19  0.985346198    
          20  0.985703170    
          21  0.986055911    
          22  0.986404240    
          23  0.986748338    
          24  0.987088084    
          25  0.987423480    
          26  0.987754583    
          27  0.988081336    
          28  0.988403738    
          29  0.988721848    
          30  0.989035547    
          31  0.989344895    
          32  0.989649951    
          33  0.989950597    
          34  0.990246892    
          35  0.990538776    
          36  0.990826309    
          37  0.991109490    
          38  0.991388321    
          39  0.991662681    
          40  0.991932690    
          41  0.992198348    
          42  0.992459595    
          43  0.992716432    
          44  0.992968857    
          45  0.993216872    
          46  0.993460476    
          47  0.993699670    
          48  0.993934453    
          49  0.994164824    
          50  0.994390786    
          51  0.994612336    
          52  0.994829416    
          53  0.995042086    
          54  0.995250344    
          55  0.995454133    
          56  0.995653450    
          57  0.995848417    
          58  0.996038854    
          59  0.996224880    
          60  0.996406496    
          61  0.996583581    
          62  0.996756256    
          63  0.996924460    
          64  0.997088253    
          65  0.997247517    
          66  0.997402370    
          67  0.997552752    
          68  0.997698665    
          69  0.997840106    
          70  0.997977078    
          71  0.998109519    
          72  0.998237550    
          73  0.998361111    
          74  0.998480141    
          75  0.998594761    
          76  0.998704851    
          77  0.998810470    
          78  0.998911619    
          79  0.999008238    
          80  0.999100387    
          81  0.999188066    
          82  0.999271274    
          83  0.999349952    
          84  0.999424160    
          85  0.999493897    
          86  0.999559104    
          87  0.999619842    
          88  0.999676049    
          89  0.999727786    
          90  0.999775052    
          91  0.999817789    
          92  0.999855995    
          93  0.999889731    
          94  0.999918997    
          95  0.999943733    
          96  0.999963999    
          97  0.999979734    
          98  0.999991000    
          99  0.999997735    
