   7.99999980E-04   3.87350708E-04
   1.59999996E-03   5.42515249E-04
   2.39999988E-03   7.55675079E-04
   3.19999992E-03   1.04681100E-03
   3.99999972E-03   1.44213857E-03
   4.79999976E-03   1.97579549E-03
   5.59999980E-03   2.69196182E-03
   6.39999984E-03   3.64735024E-03
   7.19999988E-03   4.91430331E-03
   7.99999945E-03   6.58436725E-03
   8.79999995E-03   8.77252501E-03
   9.59999952E-03   1.16220992E-02
   1.04000000E-02   1.53103434E-02
   1.11999996E-02   2.00545844E-02
   1.20000001E-02   2.61193346E-02
   1.27999997E-02   3.38233933E-02
   1.35999992E-02   4.35479097E-02
   1.43999998E-02   5.57441525E-02
   1.51999993E-02   7.09411800E-02
   1.59999989E-02   8.97534043E-02
   1.67999994E-02  0.112885907    
   1.75999999E-02  0.141139612    
   1.84000004E-02  0.175411895    
   1.91999990E-02  0.216695428    
   1.99999996E-02  0.266073078    
   2.08000001E-02  0.324704438    
   2.15999987E-02  0.393810153    
   2.23999992E-02  0.474646837    
   2.31999997E-02  0.568470836    
   2.40000002E-02  0.676499546    
   2.47999988E-02  0.799857914    
   2.55999994E-02  0.939517319    
   2.63999999E-02   1.09622824    
   2.71999985E-02   1.27043426    
   2.79999990E-02   1.46219766    
   2.87999995E-02   1.67110085    
   2.96000000E-02   1.89616072    
   3.03999986E-02   2.13573694    
   3.11999992E-02   2.38745856    
   3.19999978E-02   2.64814115    
   3.28000002E-02   2.91374755    
   3.35999988E-02   3.17934895    
   3.43999974E-02   3.43912935    
   3.51999998E-02   3.68642068    
   3.59999985E-02   3.91376591    
   3.68000008E-02   4.11304140    
   3.75999995E-02   4.27560806    
   3.83999981E-02   4.39251709    
   3.92000005E-02   4.45475101    
   3.99999991E-02   4.45350599    
   4.07999977E-02   4.38050318    
   4.16000001E-02   4.22832346    
   4.23999988E-02   3.99075651    
   4.31999974E-02   3.66313601    
   4.39999998E-02   3.24266934    
   4.47999984E-02   2.72873116    
   4.55999970E-02   2.12309790    
   4.63999994E-02   1.43012524    
   4.71999981E-02  0.656863570    
   4.80000004E-02 -0.186964050    
   4.87999991E-02  -1.08901358    
   4.95999977E-02  -2.03454518    
   5.04000001E-02  -3.00669694    
   5.11999987E-02  -3.98686671    
   5.19999973E-02  -4.95520926    
   5.27999997E-02  -5.89117527    
   5.35999984E-02  -6.77409458    
   5.43999970E-02  -7.58383608    
   5.51999994E-02  -8.30143452    
   5.59999980E-02  -8.90970135    
   5.68000004E-02  -9.39381695    
   5.75999990E-02  -9.74181938    
   5.83999977E-02  -9.94502926    
   5.92000000E-02  -9.99834538    
   5.99999987E-02  -9.90042400    
   6.07999973E-02  -9.65373135    
   6.15999997E-02  -9.26444817    
   6.23999983E-02  -8.74226379    
   6.31999969E-02  -8.10002995    
   6.39999956E-02  -7.35332489    
   6.48000017E-02  -6.51991272    
   6.56000003E-02  -5.61918736    
   6.63999990E-02  -4.67149973    
   6.71999976E-02  -3.69754267    
   6.79999962E-02  -2.71772313    
   6.87999949E-02  -1.75157535    
   6.96000010E-02 -0.817217767    
   7.03999996E-02   6.90573379E-02
   7.11999983E-02  0.893199146    
   7.19999969E-02   1.64362729    
   7.27999955E-02   2.31139970    
   7.36000016E-02   2.89027691    
   7.44000003E-02   3.37666655    
   7.51999989E-02   3.76952744    
   7.59999976E-02   4.07015562    
   7.67999962E-02   4.28192902    
   7.75999948E-02   4.41000366    
   7.84000009E-02   4.46098518    
   7.91999996E-02   4.44257975    
   7.99999982E-02   4.36325741    
   8.07999969E-02   4.23191547    
   8.15999955E-02   4.05757952    
   8.24000016E-02   3.84912848    
   8.32000002E-02   3.61507130    
   8.39999989E-02   3.36334801    
   8.47999975E-02   3.10118985    
   8.55999961E-02   2.83502150    
   8.63999948E-02   2.57039881    
   8.72000009E-02   2.31198072    
   8.79999995E-02   2.06355524    
   8.87999982E-02   1.82805586    
   8.95999968E-02   1.60763144    
   9.03999954E-02   1.40371871    
   9.11999941E-02   1.21712339    
   9.20000002E-02   1.04811108    
   9.27999988E-02  0.896501422    
   9.35999975E-02  0.761748135    
   9.43999961E-02  0.643029332    
   9.51999947E-02  0.539320350    
   9.60000008E-02  0.449463248    
   9.67999995E-02  0.372225165    
   9.75999981E-02  0.306344032    
   9.83999968E-02  0.250571966    
   9.91999954E-02  0.203703776    
   9.99999940E-02  0.164600924    
  0.100800000      0.132206127    
  0.101599999      0.105554968    
  0.102399997       8.37780759E-02
  0.103199996       6.61034137E-02
  0.103999995       5.18530980E-02
  0.104800001       4.04386744E-02
  0.105599999       3.13548706E-02
  0.106399998       2.41719857E-02
  0.107199997       1.85280535E-02
  0.107999995       1.41211441E-02
  0.108799994       1.07014384E-02
  0.109600000       8.06409959E-03
  0.110399999       6.04259130E-03
  0.111199997       4.50248271E-03
  0.111999996       3.33618512E-03
  0.112799995       2.45825108E-03
  0.113600001       1.80130021E-03
  0.114399999       1.31262408E-03
  0.115199998       9.51248629E-04
  0.115999997       6.85573439E-04
  0.116799995       4.91388142E-04
  0.117599994       3.50279675E-04
  0.118400000       2.48329423E-04
  0.119199999       0.00000000    
  0.119999997       0.00000000    
  0.120799996       0.00000000    
  0.121599995       0.00000000    
  0.122399993       0.00000000    
  0.123199999       0.00000000    
  0.123999998       0.00000000    
  0.124799997       0.00000000    
  0.125599995       0.00000000    
  0.126399994       0.00000000    
  0.127199993       0.00000000    
  0.127999991       0.00000000    
  0.128799990       0.00000000    
  0.129600003       0.00000000    
  0.130400002       0.00000000    
  0.131200001       0.00000000    
  0.131999999       0.00000000    
  0.132799998       0.00000000    
  0.133599997       0.00000000    
  0.134399995       0.00000000    
  0.135199994       0.00000000    
  0.135999992       0.00000000    
  0.136799991       0.00000000    
  0.137599990       0.00000000    
  0.138400003       0.00000000    
  0.139200002       0.00000000    
  0.140000001       0.00000000    
  0.140799999       0.00000000    
  0.141599998       0.00000000    
  0.142399997       0.00000000    
  0.143199995       0.00000000    
  0.143999994       0.00000000    
  0.144799992       0.00000000    
  0.145599991       0.00000000    
  0.146399990       0.00000000    
  0.147200003       0.00000000    
  0.148000002       0.00000000    
  0.148800001       0.00000000    
  0.149599999       0.00000000    
  0.150399998       0.00000000    
  0.151199996       0.00000000    
  0.151999995       0.00000000    
  0.152799994       0.00000000    
  0.153599992       0.00000000    
  0.154399991       0.00000000    
  0.155199990       0.00000000    
  0.156000003       0.00000000    
  0.156800002       0.00000000    
  0.157600001       0.00000000    
  0.158399999       0.00000000    
  0.159199998       0.00000000    
  0.159999996       0.00000000    
  0.160799995       0.00000000    
  0.161599994       0.00000000    
  0.162399992       0.00000000    
  0.163199991       0.00000000    
  0.163999990       0.00000000    
  0.164800003       0.00000000    
  0.165600002       0.00000000    
  0.166400000       0.00000000    
  0.167199999       0.00000000    
  0.167999998       0.00000000    
  0.168799996       0.00000000    
  0.169599995       0.00000000    
  0.170399994       0.00000000    
  0.171199992       0.00000000    
  0.171999991       0.00000000    
  0.172799990       0.00000000    
  0.173599988       0.00000000    
  0.174400002       0.00000000    
  0.175200000       0.00000000    
  0.175999999       0.00000000    
  0.176799998       0.00000000    
  0.177599996       0.00000000    
  0.178399995       0.00000000    
  0.179199994       0.00000000    
  0.179999992       0.00000000    
  0.180799991       0.00000000    
  0.181599990       0.00000000    
  0.182399988       0.00000000    
  0.183200002       0.00000000    
  0.184000000       0.00000000    
  0.184799999       0.00000000    
  0.185599998       0.00000000    
  0.186399996       0.00000000    
  0.187199995       0.00000000    
  0.187999994       0.00000000    
  0.188799992       0.00000000    
  0.189599991       0.00000000    
  0.190399989       0.00000000    
  0.191199988       0.00000000    
  0.192000002       0.00000000    
  0.192800000       0.00000000    
  0.193599999       0.00000000    
  0.194399998       0.00000000    
  0.195199996       0.00000000    
  0.195999995       0.00000000    
  0.196799994       0.00000000    
  0.197599992       0.00000000    
  0.198399991       0.00000000    
  0.199199989       0.00000000    
  0.199999988       0.00000000    
  0.200800002       0.00000000    
  0.201600000       0.00000000    
  0.202399999       0.00000000    
  0.203199998       0.00000000    
  0.203999996       0.00000000    
  0.204799995       0.00000000    
  0.205599993       0.00000000    
  0.206399992       0.00000000    
  0.207199991       0.00000000    
  0.207999989       0.00000000    
  0.208799988       0.00000000    
  0.209600002       0.00000000    
  0.210400000       0.00000000    
  0.211199999       0.00000000    
  0.211999997       0.00000000    
  0.212799996       0.00000000    
  0.213599995       0.00000000    
  0.214399993       0.00000000    
  0.215199992       0.00000000    
  0.215999991       0.00000000    
  0.216799989       0.00000000    
  0.217599988       0.00000000    
  0.218400002       0.00000000    
  0.219200000       0.00000000    
  0.219999999       0.00000000    
  0.220799997       0.00000000    
  0.221599996       0.00000000    
  0.222399995       0.00000000    
  0.223199993       0.00000000    
  0.223999992       0.00000000    
  0.224799991       0.00000000    
  0.225599989       0.00000000    
  0.226399988       0.00000000    
  0.227200001       0.00000000    
  0.228000000       0.00000000    
  0.228799999       0.00000000    
  0.229599997       0.00000000    
  0.230399996       0.00000000    
  0.231199995       0.00000000    
  0.231999993       0.00000000    
  0.232799992       0.00000000    
  0.233599991       0.00000000    
  0.234399989       0.00000000    
  0.235199988       0.00000000    
  0.236000001       0.00000000    
  0.236800000       0.00000000    
  0.237599999       0.00000000    
  0.238399997       0.00000000    
  0.239199996       0.00000000    
  0.239999995       0.00000000    
  0.240799993       0.00000000    
  0.241599992       0.00000000    
  0.242399991       0.00000000    
  0.243199989       0.00000000    
  0.243999988       0.00000000    
  0.244799986       0.00000000    
  0.245600000       0.00000000    
  0.246399999       0.00000000    
  0.247199997       0.00000000    
  0.247999996       0.00000000    
  0.248799995       0.00000000    
  0.249599993       0.00000000    
  0.250400007       0.00000000    
  0.251199991       0.00000000    
  0.252000004       0.00000000    
  0.252799988       0.00000000    
  0.253600001       0.00000000    
  0.254399985       0.00000000    
  0.255199999       0.00000000    
  0.255999982       0.00000000    
  0.256799996       0.00000000    
  0.257599980       0.00000000    
  0.258399993       0.00000000    
  0.259200007       0.00000000    
  0.259999990       0.00000000    
  0.260800004       0.00000000    
  0.261599988       0.00000000    
  0.262400001       0.00000000    
  0.263199985       0.00000000    
  0.263999999       0.00000000    
  0.264799982       0.00000000    
  0.265599996       0.00000000    
  0.266399980       0.00000000    
  0.267199993       0.00000000    
  0.268000007       0.00000000    
  0.268799990       0.00000000    
  0.269600004       0.00000000    
  0.270399988       0.00000000    
  0.271200001       0.00000000    
  0.271999985       0.00000000    
  0.272799999       0.00000000    
  0.273599982       0.00000000    
  0.274399996       0.00000000    
  0.275199980       0.00000000    
  0.275999993       0.00000000    
  0.276800007       0.00000000    
  0.277599990       0.00000000    
  0.278400004       0.00000000    
  0.279199988       0.00000000    
  0.280000001       0.00000000    
  0.280799985       0.00000000    
  0.281599998       0.00000000    
  0.282399982       0.00000000    
  0.283199996       0.00000000    
  0.283999979       0.00000000    
  0.284799993       0.00000000    
  0.285600007       0.00000000    
  0.286399990       0.00000000    
  0.287200004       0.00000000    
  0.287999988       0.00000000    
  0.288800001       0.00000000    
  0.289599985       0.00000000    
  0.290399998       0.00000000    
  0.291199982       0.00000000    
  0.291999996       0.00000000    
  0.292799979       0.00000000    
  0.293599993       0.00000000    
  0.294400007       0.00000000    
  0.295199990       0.00000000    
  0.296000004       0.00000000    
  0.296799988       0.00000000    
  0.297600001       0.00000000    
  0.298399985       0.00000000    
  0.299199998       0.00000000    
  0.299999982       0.00000000    
  0.300799996       0.00000000    
  0.301599979       0.00000000    
  0.302399993       0.00000000    
  0.303200006       0.00000000    
  0.303999990       0.00000000    
  0.304800004       0.00000000    
  0.305599988       0.00000000    
  0.306400001       0.00000000    
  0.307199985       0.00000000    
  0.307999998       0.00000000    
  0.308799982       0.00000000    
  0.309599996       0.00000000    
  0.310399979       0.00000000    
  0.311199993       0.00000000    
  0.312000006       0.00000000    
  0.312799990       0.00000000    
  0.313600004       0.00000000    
  0.314399987       0.00000000    
  0.315200001       0.00000000    
  0.315999985       0.00000000    
  0.316799998       0.00000000    
  0.317599982       0.00000000    
  0.318399996       0.00000000    
  0.319199979       0.00000000    
  0.319999993       0.00000000    
  0.320800006       0.00000000    
  0.321599990       0.00000000    
  0.322400004       0.00000000    
  0.323199987       0.00000000    
  0.324000001       0.00000000    
  0.324799985       0.00000000    
  0.325599998       0.00000000    
  0.326399982       0.00000000    
  0.327199996       0.00000000    
  0.327999979       0.00000000    
  0.328799993       0.00000000    
  0.329600006       0.00000000    
  0.330399990       0.00000000    
  0.331200004       0.00000000    
  0.331999987       0.00000000    
  0.332800001       0.00000000    
  0.333599985       0.00000000    
  0.334399998       0.00000000    
  0.335199982       0.00000000    
  0.335999995       0.00000000    
  0.336799979       0.00000000    
  0.337599993       0.00000000    
  0.338400006       0.00000000    
  0.339199990       0.00000000    
  0.340000004       0.00000000    
  0.340799987       0.00000000    
  0.341600001       0.00000000    
  0.342399985       0.00000000    
  0.343199998       0.00000000    
  0.343999982       0.00000000    
  0.344799995       0.00000000    
  0.345599979       0.00000000    
  0.346399993       0.00000000    
  0.347199976       0.00000000    
  0.347999990       0.00000000    
  0.348800004       0.00000000    
  0.349599987       0.00000000    
  0.350400001       0.00000000    
  0.351199985       0.00000000    
  0.351999998       0.00000000    
  0.352799982       0.00000000    
  0.353599995       0.00000000    
  0.354399979       0.00000000    
  0.355199993       0.00000000    
  0.355999976       0.00000000    
  0.356799990       0.00000000    
  0.357600003       0.00000000    
  0.358399987       0.00000000    
  0.359200001       0.00000000    
  0.359999985       0.00000000    
  0.360799998       0.00000000    
  0.361599982       0.00000000    
  0.362399995       0.00000000    
  0.363199979       0.00000000    
  0.363999993       0.00000000    
  0.364799976       0.00000000    
  0.365599990       0.00000000    
  0.366400003       0.00000000    
  0.367199987       0.00000000    
  0.368000001       0.00000000    
  0.368799984       0.00000000    
  0.369599998       0.00000000    
  0.370399982       0.00000000    
  0.371199995       0.00000000    
  0.371999979       0.00000000    
  0.372799993       0.00000000    
  0.373599976       0.00000000    
  0.374399990       0.00000000    
  0.375200003       0.00000000    
  0.375999987       0.00000000    
  0.376800001       0.00000000    
  0.377599984       0.00000000    
  0.378399998       0.00000000    
  0.379199982       0.00000000    
  0.379999995       0.00000000    
  0.380799979       0.00000000    
  0.381599993       0.00000000    
  0.382399976       0.00000000    
  0.383199990       0.00000000    
  0.384000003       0.00000000    
  0.384799987       0.00000000    
  0.385600001       0.00000000    
  0.386399984       0.00000000    
  0.387199998       0.00000000    
  0.387999982       0.00000000    
  0.388799995       0.00000000    
  0.389599979       0.00000000    
  0.390399992       0.00000000    
  0.391199976       0.00000000    
  0.391999990       0.00000000    
  0.392800003       0.00000000    
  0.393599987       0.00000000    
  0.394400001       0.00000000    
  0.395199984       0.00000000    
  0.395999998       0.00000000    
  0.396799982       0.00000000    
  0.397599995       0.00000000    
  0.398399979       0.00000000    
  0.399199992       0.00000000    
  0.399999976       0.00000000    
  0.400799990       0.00000000    
  0.401600003       0.00000000    
  0.402399987       0.00000000    
  0.403200001       0.00000000    
  0.403999984       0.00000000    
  0.404799998       0.00000000    
  0.405599982       0.00000000    
  0.406399995       0.00000000    
  0.407199979       0.00000000    
  0.407999992       0.00000000    
  0.408799976       0.00000000    
  0.409599990       0.00000000    
  0.410400003       0.00000000    
  0.411199987       0.00000000    
  0.412000000       0.00000000    
  0.412799984       0.00000000    
  0.413599998       0.00000000    
  0.414399981       0.00000000    
  0.415199995       0.00000000    
  0.415999979       0.00000000    
  0.416799992       0.00000000    
  0.417599976       0.00000000    
  0.418399990       0.00000000    
  0.419200003       0.00000000    
  0.419999987       0.00000000    
  0.420800000       0.00000000    
  0.421599984       0.00000000    
  0.422399998       0.00000000    
  0.423199981       0.00000000    
  0.423999995       0.00000000    
  0.424799979       0.00000000    
  0.425599992       0.00000000    
  0.426399976       0.00000000    
  0.427199990       0.00000000    
  0.428000003       0.00000000    
  0.428799987       0.00000000    
  0.429600000       0.00000000    
  0.430399984       0.00000000    
  0.431199998       0.00000000    
  0.431999981       0.00000000    
  0.432799995       0.00000000    
  0.433599979       0.00000000    
  0.434399992       0.00000000    
  0.435199976       0.00000000    
  0.435999990       0.00000000    
  0.436800003       0.00000000    
  0.437599987       0.00000000    
  0.438400000       0.00000000    
  0.439199984       0.00000000    
  0.439999998       0.00000000    
  0.440799981       0.00000000    
  0.441599995       0.00000000    
  0.442399979       0.00000000    
  0.443199992       0.00000000    
  0.443999976       0.00000000    
  0.444799989       0.00000000    
  0.445600003       0.00000000    
  0.446399987       0.00000000    
  0.447200000       0.00000000    
  0.447999984       0.00000000    
  0.448799998       0.00000000    
  0.449599981       0.00000000    
  0.450399995       0.00000000    
  0.451199979       0.00000000    
  0.451999992       0.00000000    
  0.452799976       0.00000000    
  0.453599989       0.00000000    
  0.454400003       0.00000000    
  0.455199987       0.00000000    
  0.456000000       0.00000000    
  0.456799984       0.00000000    
  0.457599998       0.00000000    
  0.458399981       0.00000000    
  0.459199995       0.00000000    
  0.459999979       0.00000000    
  0.460799992       0.00000000    
  0.461599976       0.00000000    
  0.462399989       0.00000000    
  0.463200003       0.00000000    
  0.463999987       0.00000000    
  0.464800000       0.00000000    
  0.465599984       0.00000000    
  0.466399997       0.00000000    
  0.467199981       0.00000000    
  0.467999995       0.00000000    
  0.468799978       0.00000000    
  0.469599992       0.00000000    
  0.470399976       0.00000000    
  0.471199989       0.00000000    
  0.472000003       0.00000000    
  0.472799987       0.00000000    
  0.473600000       0.00000000    
  0.474399984       0.00000000    
  0.475199997       0.00000000    
  0.475999981       0.00000000    
  0.476799995       0.00000000    
  0.477599978       0.00000000    
  0.478399992       0.00000000    
  0.479199976       0.00000000    
  0.479999989       0.00000000    
  0.480799973       0.00000000    
  0.481599987       0.00000000    
  0.482400000       0.00000000    
  0.483199984       0.00000000    
  0.483999997       0.00000000    
  0.484799981       0.00000000    
  0.485599995       0.00000000    
  0.486399978       0.00000000    
  0.487199992       0.00000000    
  0.487999976       0.00000000    
  0.488799989       0.00000000    
  0.489599973       0.00000000    
  0.490399987       0.00000000    
  0.491200000       0.00000000    
  0.491999984       0.00000000    
  0.492799997       0.00000000    
  0.493599981       0.00000000    
  0.494399995       0.00000000    
  0.495199978       0.00000000    
  0.495999992       0.00000000    
  0.496799976       0.00000000    
  0.497599989       0.00000000    
  0.498399973       0.00000000    
  0.499199986       0.00000000    
  0.500000000       0.00000000    
  0.500800014       0.00000000    
  0.501599967       0.00000000    
  0.502399981       0.00000000    
  0.503199995       0.00000000    
  0.504000008       0.00000000    
  0.504799962       0.00000000    
  0.505599976       0.00000000    
  0.506399989       0.00000000    
  0.507200003       0.00000000    
  0.508000016       0.00000000    
  0.508799970       0.00000000    
  0.509599984       0.00000000    
  0.510399997       0.00000000    
  0.511200011       0.00000000    
  0.511999965       0.00000000    
  0.512799978       0.00000000    
  0.513599992       0.00000000    
  0.514400005       0.00000000    
  0.515199959       0.00000000    
  0.515999973       0.00000000    
  0.516799986       0.00000000    
  0.517600000       0.00000000    
  0.518400013       0.00000000    
  0.519199967       0.00000000    
  0.519999981       0.00000000    
  0.520799994       0.00000000    
  0.521600008       0.00000000    
  0.522399962       0.00000000    
  0.523199975       0.00000000    
  0.523999989       0.00000000    
  0.524800003       0.00000000    
  0.525600016       0.00000000    
  0.526399970       0.00000000    
  0.527199984       0.00000000    
  0.527999997       0.00000000    
  0.528800011       0.00000000    
  0.529599965       0.00000000    
  0.530399978       0.00000000    
  0.531199992       0.00000000    
  0.532000005       0.00000000    
  0.532799959       0.00000000    
  0.533599973       0.00000000    
  0.534399986       0.00000000    
  0.535200000       0.00000000    
  0.536000013       0.00000000    
  0.536799967       0.00000000    
  0.537599981       0.00000000    
  0.538399994       0.00000000    
  0.539200008       0.00000000    
  0.539999962       0.00000000    
  0.540799975       0.00000000    
  0.541599989       0.00000000    
  0.542400002       0.00000000    
  0.543200016       0.00000000    
  0.543999970       0.00000000    
  0.544799984       0.00000000    
  0.545599997       0.00000000    
  0.546400011       0.00000000    
  0.547199965       0.00000000    
  0.547999978       0.00000000    
  0.548799992       0.00000000    
  0.549600005       0.00000000    
  0.550399959       0.00000000    
  0.551199973       0.00000000    
  0.551999986       0.00000000    
  0.552800000       0.00000000    
  0.553600013       0.00000000    
  0.554399967       0.00000000    
  0.555199981       0.00000000    
  0.555999994       0.00000000    
  0.556800008       0.00000000    
  0.557599962       0.00000000    
  0.558399975       0.00000000    
  0.559199989       0.00000000    
  0.560000002       0.00000000    
  0.560799956       0.00000000    
  0.561599970       0.00000000    
  0.562399983       0.00000000    
  0.563199997       0.00000000    
  0.564000010       0.00000000    
  0.564799964       0.00000000    
  0.565599978       0.00000000    
  0.566399992       0.00000000    
  0.567200005       0.00000000    
  0.567999959       0.00000000    
  0.568799973       0.00000000    
  0.569599986       0.00000000    
  0.570400000       0.00000000    
  0.571200013       0.00000000    
  0.571999967       0.00000000    
  0.572799981       0.00000000    
  0.573599994       0.00000000    
  0.574400008       0.00000000    
  0.575199962       0.00000000    
  0.575999975       0.00000000    
  0.576799989       0.00000000    
  0.577600002       0.00000000    
  0.578399956       0.00000000    
  0.579199970       0.00000000    
  0.579999983       0.00000000    
  0.580799997       0.00000000    
  0.581600010       0.00000000    
  0.582399964       0.00000000    
  0.583199978       0.00000000    
  0.583999991       0.00000000    
  0.584800005       0.00000000    
  0.585599959       0.00000000    
  0.586399972       0.00000000    
  0.587199986       0.00000000    
  0.588000000       0.00000000    
  0.588800013       0.00000000    
  0.589599967       0.00000000    
  0.590399981       0.00000000    
  0.591199994       0.00000000    
  0.592000008       0.00000000    
  0.592799962       0.00000000    
  0.593599975       0.00000000    
  0.594399989       0.00000000    
  0.595200002       0.00000000    
  0.595999956       0.00000000    
  0.596799970       0.00000000    
  0.597599983       0.00000000    
  0.598399997       0.00000000    
  0.599200010       0.00000000    
  0.599999964       0.00000000    
  0.600799978       0.00000000    
  0.601599991       0.00000000    
  0.602400005       0.00000000    
  0.603199959       0.00000000    
  0.603999972       0.00000000    
  0.604799986       0.00000000    
  0.605599999       0.00000000    
  0.606400013       0.00000000    
  0.607199967       0.00000000    
  0.607999980       0.00000000    
  0.608799994       0.00000000    
  0.609600008       0.00000000    
  0.610399961       0.00000000    
  0.611199975       0.00000000    
  0.611999989       0.00000000    
  0.612800002       0.00000000    
  0.613599956       0.00000000    
  0.614399970       0.00000000    
  0.615199983       0.00000000    
  0.615999997       0.00000000    
  0.616800010       0.00000000    
  0.617599964       0.00000000    
  0.618399978       0.00000000    
  0.619199991       0.00000000    
  0.620000005       0.00000000    
  0.620799959       0.00000000    
  0.621599972       0.00000000    
  0.622399986       0.00000000    
  0.623199999       0.00000000    
  0.624000013       0.00000000    
  0.624799967       0.00000000    
  0.625599980       0.00000000    
  0.626399994       0.00000000    
  0.627200007       0.00000000    
  0.627999961       0.00000000    
  0.628799975       0.00000000    
  0.629599988       0.00000000    
  0.630400002       0.00000000    
  0.631199956       0.00000000    
  0.631999969       0.00000000    
  0.632799983       0.00000000    
  0.633599997       0.00000000    
  0.634400010       0.00000000    
  0.635199964       0.00000000    
  0.635999978       0.00000000    
  0.636799991       0.00000000    
  0.637600005       0.00000000    
  0.638399959       0.00000000    
  0.639199972       0.00000000    
  0.639999986       0.00000000    
  0.640799999       0.00000000    
  0.641600013       0.00000000    
  0.642399967       0.00000000    
  0.643199980       0.00000000    
  0.643999994       0.00000000    
  0.644800007       0.00000000    
  0.645599961       0.00000000    
  0.646399975       0.00000000    
  0.647199988       0.00000000    
  0.648000002       0.00000000    
  0.648799956       0.00000000    
  0.649599969       0.00000000    
  0.650399983       0.00000000    
  0.651199996       0.00000000    
  0.652000010       0.00000000    
  0.652799964       0.00000000    
  0.653599977       0.00000000    
  0.654399991       0.00000000    
  0.655200005       0.00000000    
  0.655999959       0.00000000    
  0.656799972       0.00000000    
  0.657599986       0.00000000    
  0.658399999       0.00000000    
  0.659200013       0.00000000    
  0.659999967       0.00000000    
  0.660799980       0.00000000    
  0.661599994       0.00000000    
  0.662400007       0.00000000    
  0.663199961       0.00000000    
  0.663999975       0.00000000    
  0.664799988       0.00000000    
  0.665600002       0.00000000    
  0.666399956       0.00000000    
  0.667199969       0.00000000    
  0.667999983       0.00000000    
  0.668799996       0.00000000    
  0.669600010       0.00000000    
  0.670399964       0.00000000    
  0.671199977       0.00000000    
  0.671999991       0.00000000    
  0.672800004       0.00000000    
  0.673599958       0.00000000    
  0.674399972       0.00000000    
  0.675199986       0.00000000    
  0.675999999       0.00000000    
  0.676800013       0.00000000    
  0.677599967       0.00000000    
  0.678399980       0.00000000    
  0.679199994       0.00000000    
  0.680000007       0.00000000    
  0.680799961       0.00000000    
  0.681599975       0.00000000    
  0.682399988       0.00000000    
  0.683200002       0.00000000    
  0.683999956       0.00000000    
  0.684799969       0.00000000    
  0.685599983       0.00000000    
  0.686399996       0.00000000    
  0.687200010       0.00000000    
  0.687999964       0.00000000    
  0.688799977       0.00000000    
  0.689599991       0.00000000    
  0.690400004       0.00000000    
  0.691199958       0.00000000    
  0.691999972       0.00000000    
  0.692799985       0.00000000    
  0.693599999       0.00000000    
  0.694399953       0.00000000    
  0.695199966       0.00000000    
  0.695999980       0.00000000    
  0.696799994       0.00000000    
  0.697600007       0.00000000    
  0.698399961       0.00000000    
  0.699199975       0.00000000    
  0.699999988       0.00000000    
  0.700800002       0.00000000    
  0.701599956       0.00000000    
  0.702399969       0.00000000    
  0.703199983       0.00000000    
  0.703999996       0.00000000    
  0.704800010       0.00000000    
  0.705599964       0.00000000    
  0.706399977       0.00000000    
  0.707199991       0.00000000    
  0.708000004       0.00000000    
  0.708799958       0.00000000    
  0.709599972       0.00000000    
  0.710399985       0.00000000    
  0.711199999       0.00000000    
  0.711999953       0.00000000    
  0.712799966       0.00000000    
  0.713599980       0.00000000    
  0.714399993       0.00000000    
  0.715200007       0.00000000    
  0.715999961       0.00000000    
  0.716799974       0.00000000    
  0.717599988       0.00000000    
  0.718400002       0.00000000    
  0.719199955       0.00000000    
  0.719999969       0.00000000    
  0.720799983       0.00000000    
  0.721599996       0.00000000    
  0.722400010       0.00000000    
  0.723199964       0.00000000    
  0.723999977       0.00000000    
  0.724799991       0.00000000    
  0.725600004       0.00000000    
  0.726399958       0.00000000    
  0.727199972       0.00000000    
  0.727999985       0.00000000    
  0.728799999       0.00000000    
  0.729599953       0.00000000    
  0.730399966       0.00000000    
  0.731199980       0.00000000    
  0.731999993       0.00000000    
  0.732800007       0.00000000    
  0.733599961       0.00000000    
  0.734399974       0.00000000    
  0.735199988       0.00000000    
  0.736000001       0.00000000    
  0.736799955       0.00000000    
  0.737599969       0.00000000    
  0.738399982       0.00000000    
  0.739199996       0.00000000    
  0.740000010       0.00000000    
  0.740799963       0.00000000    
  0.741599977       0.00000000    
  0.742399991       0.00000000    
  0.743200004       0.00000000    
  0.743999958       0.00000000    
  0.744799972       0.00000000    
  0.745599985       0.00000000    
  0.746399999       0.00000000    
  0.747199953       0.00000000    
  0.747999966       0.00000000    
  0.748799980       0.00000000    
  0.749599993       0.00000000    
  0.750400007       0.00000000    
  0.751199961       0.00000000    
  0.751999974       0.00000000    
  0.752799988       0.00000000    
  0.753600001       0.00000000    
  0.754399955       0.00000000    
  0.755199969       0.00000000    
  0.755999982       0.00000000    
  0.756799996       0.00000000    
  0.757600009       0.00000000    
  0.758399963       0.00000000    
  0.759199977       0.00000000    
  0.759999990       0.00000000    
  0.760800004       0.00000000    
  0.761599958       0.00000000    
  0.762399971       0.00000000    
  0.763199985       0.00000000    
  0.763999999       0.00000000    
  0.764799953       0.00000000    
  0.765599966       0.00000000    
  0.766399980       0.00000000    
  0.767199993       0.00000000    
  0.768000007       0.00000000    
  0.768799961       0.00000000    
  0.769599974       0.00000000    
  0.770399988       0.00000000    
  0.771200001       0.00000000    
  0.771999955       0.00000000    
  0.772799969       0.00000000    
  0.773599982       0.00000000    
  0.774399996       0.00000000    
  0.775200009       0.00000000    
  0.775999963       0.00000000    
  0.776799977       0.00000000    
  0.777599990       0.00000000    
  0.778400004       0.00000000    
  0.779199958       0.00000000    
  0.779999971       0.00000000    
  0.780799985       0.00000000    
  0.781599998       0.00000000    
  0.782399952       0.00000000    
  0.783199966       0.00000000    
  0.783999979       0.00000000    
  0.784799993       0.00000000    
  0.785600007       0.00000000    
  0.786399961       0.00000000    
  0.787199974       0.00000000    
  0.787999988       0.00000000    
  0.788800001       0.00000000    
  0.789599955       0.00000000    
  0.790399969       0.00000000    
  0.791199982       0.00000000    
  0.791999996       0.00000000    
  0.792800009       0.00000000    
  0.793599963       0.00000000    
  0.794399977       0.00000000    
  0.795199990       0.00000000    
  0.796000004       0.00000000    
  0.796799958       0.00000000    
  0.797599971       0.00000000    
  0.798399985       0.00000000    
  0.799199998       0.00000000    
  0.799999952       0.00000000    
  0.800799966       0.00000000    
  0.801599979       0.00000000    
  0.802399993       0.00000000    
  0.803200006       0.00000000    
  0.803999960       0.00000000    
  0.804799974       0.00000000    
  0.805599988       0.00000000    
  0.806400001       0.00000000    
  0.807199955       0.00000000    
  0.807999969       0.00000000    
  0.808799982       0.00000000    
  0.809599996       0.00000000    
  0.810400009       0.00000000    
  0.811199963       0.00000000    
  0.811999977       0.00000000    
  0.812799990       0.00000000    
  0.813600004       0.00000000    
  0.814399958       0.00000000    
  0.815199971       0.00000000    
  0.815999985       0.00000000    
  0.816799998       0.00000000    
  0.817599952       0.00000000    
  0.818399966       0.00000000    
  0.819199979       0.00000000    
  0.819999993       0.00000000    
  0.820800006       0.00000000    
  0.821599960       0.00000000    
  0.822399974       0.00000000    
  0.823199987       0.00000000    
  0.824000001       0.00000000    
  0.824799955       0.00000000    
  0.825599968       0.00000000    
  0.826399982       0.00000000    
  0.827199996       0.00000000    
  0.827999949       0.00000000    
  0.828799963       0.00000000    
  0.829599977       0.00000000    
  0.830399990       0.00000000    
  0.831200004       0.00000000    
  0.831999958       0.00000000    
  0.832799971       0.00000000    
  0.833599985       0.00000000    
  0.834399998       0.00000000    
  0.835199952       0.00000000    
  0.835999966       0.00000000    
  0.836799979       0.00000000    
  0.837599993       0.00000000    
  0.838400006       0.00000000    
  0.839199960       0.00000000    
  0.839999974       0.00000000    
  0.840799987       0.00000000    
  0.841600001       0.00000000    
  0.842399955       0.00000000    
  0.843199968       0.00000000    
  0.843999982       0.00000000    
  0.844799995       0.00000000    
  0.845599949       0.00000000    
  0.846399963       0.00000000    
  0.847199976       0.00000000    
  0.847999990       0.00000000    
  0.848800004       0.00000000    
  0.849599957       0.00000000    
  0.850399971       0.00000000    
  0.851199985       0.00000000    
  0.851999998       0.00000000    
  0.852799952       0.00000000    
  0.853599966       0.00000000    
  0.854399979       0.00000000    
  0.855199993       0.00000000    
  0.856000006       0.00000000    
  0.856799960       0.00000000    
  0.857599974       0.00000000    
  0.858399987       0.00000000    
  0.859200001       0.00000000    
  0.859999955       0.00000000    
  0.860799968       0.00000000    
  0.861599982       0.00000000    
  0.862399995       0.00000000    
  0.863199949       0.00000000    
  0.863999963       0.00000000    
  0.864799976       0.00000000    
  0.865599990       0.00000000    
  0.866400003       0.00000000    
  0.867199957       0.00000000    
  0.867999971       0.00000000    
  0.868799984       0.00000000    
  0.869599998       0.00000000    
  0.870399952       0.00000000    
  0.871199965       0.00000000    
  0.871999979       0.00000000    
  0.872799993       0.00000000    
  0.873600006       0.00000000    
  0.874399960       0.00000000    
  0.875199974       0.00000000    
  0.875999987       0.00000000    
  0.876800001       0.00000000    
  0.877599955       0.00000000    
  0.878399968       0.00000000    
  0.879199982       0.00000000    
  0.879999995       0.00000000    
  0.880799949       0.00000000    
  0.881599963       0.00000000    
  0.882399976       0.00000000    
  0.883199990       0.00000000    
  0.884000003       0.00000000    
  0.884799957       0.00000000    
  0.885599971       0.00000000    
  0.886399984       0.00000000    
  0.887199998       0.00000000    
  0.887999952       0.00000000    
  0.888799965       0.00000000    
  0.889599979       0.00000000    
  0.890399992       0.00000000    
  0.891200006       0.00000000    
  0.891999960       0.00000000    
  0.892799973       0.00000000    
  0.893599987       0.00000000    
  0.894400001       0.00000000    
  0.895199955       0.00000000    
  0.895999968       0.00000000    
  0.896799982       0.00000000    
  0.897599995       0.00000000    
  0.898399949       0.00000000    
  0.899199963       0.00000000    
  0.899999976       0.00000000    
  0.900799990       0.00000000    
  0.901600003       0.00000000    
  0.902399957       0.00000000    
  0.903199971       0.00000000    
  0.903999984       0.00000000    
  0.904799998       0.00000000    
  0.905599952       0.00000000    
  0.906399965       0.00000000    
  0.907199979       0.00000000    
  0.907999992       0.00000000    
  0.908800006       0.00000000    
  0.909599960       0.00000000    
  0.910399973       0.00000000    
  0.911199987       0.00000000    
  0.912000000       0.00000000    
  0.912799954       0.00000000    
  0.913599968       0.00000000    
  0.914399981       0.00000000    
  0.915199995       0.00000000    
  0.915999949       0.00000000    
  0.916799963       0.00000000    
  0.917599976       0.00000000    
  0.918399990       0.00000000    
  0.919200003       0.00000000    
  0.919999957       0.00000000    
  0.920799971       0.00000000    
  0.921599984       0.00000000    
  0.922399998       0.00000000    
  0.923199952       0.00000000    
  0.923999965       0.00000000    
  0.924799979       0.00000000    
  0.925599992       0.00000000    
  0.926400006       0.00000000    
  0.927199960       0.00000000    
  0.927999973       0.00000000    
  0.928799987       0.00000000    
  0.929600000       0.00000000    
  0.930399954       0.00000000    
  0.931199968       0.00000000    
  0.931999981       0.00000000    
  0.932799995       0.00000000    
  0.933599949       0.00000000    
  0.934399962       0.00000000    
  0.935199976       0.00000000    
  0.935999990       0.00000000    
  0.936800003       0.00000000    
  0.937599957       0.00000000    
  0.938399971       0.00000000    
  0.939199984       0.00000000    
  0.939999998       0.00000000    
  0.940799952       0.00000000    
  0.941599965       0.00000000    
  0.942399979       0.00000000    
  0.943199992       0.00000000    
  0.944000006       0.00000000    
  0.944799960       0.00000000    
  0.945599973       0.00000000    
  0.946399987       0.00000000    
  0.947200000       0.00000000    
  0.947999954       0.00000000    
  0.948799968       0.00000000    
  0.949599981       0.00000000    
  0.950399995       0.00000000    
  0.951199949       0.00000000    
  0.951999962       0.00000000    
  0.952799976       0.00000000    
  0.953599989       0.00000000    
  0.954400003       0.00000000    
  0.955199957       0.00000000    
  0.955999970       0.00000000    
  0.956799984       0.00000000    
  0.957599998       0.00000000    
  0.958399951       0.00000000    
  0.959199965       0.00000000    
  0.959999979       0.00000000    
  0.960799992       0.00000000    
  0.961599946       0.00000000    
  0.962399960       0.00000000    
  0.963199973       0.00000000    
  0.963999987       0.00000000    
  0.964800000       0.00000000    
  0.965599954       0.00000000    
  0.966399968       0.00000000    
  0.967199981       0.00000000    
  0.967999995       0.00000000    
  0.968799949       0.00000000    
  0.969599962       0.00000000    
  0.970399976       0.00000000    
  0.971199989       0.00000000    
  0.972000003       0.00000000    
  0.972799957       0.00000000    
  0.973599970       0.00000000    
  0.974399984       0.00000000    
  0.975199997       0.00000000    
  0.975999951       0.00000000    
  0.976799965       0.00000000    
  0.977599978       0.00000000    
  0.978399992       0.00000000    
  0.979199946       0.00000000    
  0.979999959       0.00000000    
  0.980799973       0.00000000    
  0.981599987       0.00000000    
  0.982400000       0.00000000    
  0.983199954       0.00000000    
  0.983999968       0.00000000    
  0.984799981       0.00000000    
  0.985599995       0.00000000    
  0.986399949       0.00000000    
  0.987199962       0.00000000    
  0.987999976       0.00000000    
  0.988799989       0.00000000    
  0.989600003       0.00000000    
  0.990399957       0.00000000    
  0.991199970       0.00000000    
  0.991999984       0.00000000    
  0.992799997       0.00000000    
  0.993599951       0.00000000    
  0.994399965       0.00000000    
  0.995199978       0.00000000    
  0.995999992       0.00000000    
  0.996799946       0.00000000    
  0.997599959       0.00000000    
  0.998399973       0.00000000    
  0.999199986       0.00000000    
   1.00000000       0.00000000    
   1.00080001       0.00000000    
   1.00160003       0.00000000    
   1.00239992       0.00000000    
   1.00319993       0.00000000    
   1.00399995       0.00000000    
   1.00479996       0.00000000    
   1.00559998       0.00000000    
   1.00639999       0.00000000    
   1.00720000       0.00000000    
   1.00800002       0.00000000    
   1.00880003       0.00000000    
   1.00959992       0.00000000    
   1.01039994       0.00000000    
   1.01119995       0.00000000    
   1.01199996       0.00000000    
   1.01279998       0.00000000    
   1.01359999       0.00000000    
   1.01440001       0.00000000    
   1.01520002       0.00000000    
   1.01600003       0.00000000    
   1.01679993       0.00000000    
   1.01759994       0.00000000    
   1.01839995       0.00000000    
   1.01919997       0.00000000    
   1.01999998       0.00000000    
   1.02079999       0.00000000    
   1.02160001       0.00000000    
   1.02240002       0.00000000    
   1.02319992       0.00000000    
   1.02399993       0.00000000    
   1.02479994       0.00000000    
   1.02559996       0.00000000    
   1.02639997       0.00000000    
   1.02719998       0.00000000    
   1.02800000       0.00000000    
   1.02880001       0.00000000    
   1.02960002       0.00000000    
   1.03039992       0.00000000    
   1.03119993       0.00000000    
   1.03199995       0.00000000    
   1.03279996       0.00000000    
   1.03359997       0.00000000    
   1.03439999       0.00000000    
   1.03520000       0.00000000    
   1.03600001       0.00000000    
   1.03680003       0.00000000    
   1.03759992       0.00000000    
   1.03839993       0.00000000    
   1.03919995       0.00000000    
   1.03999996       0.00000000    
   1.04079998       0.00000000    
   1.04159999       0.00000000    
   1.04240000       0.00000000    
   1.04320002       0.00000000    
   1.04400003       0.00000000    
   1.04479992       0.00000000    
   1.04559994       0.00000000    
   1.04639995       0.00000000    
   1.04719996       0.00000000    
   1.04799998       0.00000000    
   1.04879999       0.00000000    
   1.04960001       0.00000000    
   1.05040002       0.00000000    
   1.05120003       0.00000000    
   1.05199993       0.00000000    
   1.05279994       0.00000000    
   1.05359995       0.00000000    
   1.05439997       0.00000000    
   1.05519998       0.00000000    
   1.05599999       0.00000000    
   1.05680001       0.00000000    
   1.05760002       0.00000000    
   1.05839992       0.00000000    
   1.05919993       0.00000000    
   1.05999994       0.00000000    
   1.06079996       0.00000000    
   1.06159997       0.00000000    
   1.06239998       0.00000000    
   1.06320000       0.00000000    
   1.06400001       0.00000000    
   1.06480002       0.00000000    
   1.06559992       0.00000000    
   1.06639993       0.00000000    
   1.06719995       0.00000000    
   1.06799996       0.00000000    
   1.06879997       0.00000000    
   1.06959999       0.00000000    
   1.07040000       0.00000000    
   1.07120001       0.00000000    
   1.07200003       0.00000000    
   1.07279992       0.00000000    
   1.07359993       0.00000000    
   1.07439995       0.00000000    
   1.07519996       0.00000000    
   1.07599998       0.00000000    
   1.07679999       0.00000000    
   1.07760000       0.00000000    
   1.07840002       0.00000000    
   1.07920003       0.00000000    
   1.07999992       0.00000000    
   1.08079994       0.00000000    
   1.08159995       0.00000000    
   1.08239996       0.00000000    
   1.08319998       0.00000000    
   1.08399999       0.00000000    
   1.08480000       0.00000000    
   1.08560002       0.00000000    
   1.08640003       0.00000000    
   1.08719993       0.00000000    
   1.08799994       0.00000000    
   1.08879995       0.00000000    
   1.08959997       0.00000000    
   1.09039998       0.00000000    
   1.09119999       0.00000000    
   1.09200001       0.00000000    
   1.09280002       0.00000000    
   1.09359992       0.00000000    
   1.09439993       0.00000000    
   1.09519994       0.00000000    
   1.09599996       0.00000000    
   1.09679997       0.00000000    
   1.09759998       0.00000000    
   1.09840000       0.00000000    
   1.09920001       0.00000000    
   1.10000002       0.00000000    
   1.10079992       0.00000000    
   1.10159993       0.00000000    
   1.10239995       0.00000000    
   1.10319996       0.00000000    
   1.10399997       0.00000000    
   1.10479999       0.00000000    
   1.10560000       0.00000000    
   1.10640001       0.00000000    
   1.10720003       0.00000000    
   1.10799992       0.00000000    
   1.10879993       0.00000000    
   1.10959995       0.00000000    
   1.11039996       0.00000000    
   1.11119998       0.00000000    
   1.11199999       0.00000000    
   1.11280000       0.00000000    
   1.11360002       0.00000000    
   1.11440003       0.00000000    
   1.11519992       0.00000000    
   1.11599994       0.00000000    
   1.11679995       0.00000000    
   1.11759996       0.00000000    
   1.11839998       0.00000000    
   1.11919999       0.00000000    
   1.12000000       0.00000000    
   1.12080002       0.00000000    
   1.12159991       0.00000000    
   1.12239993       0.00000000    
   1.12319994       0.00000000    
   1.12399995       0.00000000    
   1.12479997       0.00000000    
   1.12559998       0.00000000    
   1.12639999       0.00000000    
   1.12720001       0.00000000    
   1.12800002       0.00000000    
   1.12879992       0.00000000    
   1.12959993       0.00000000    
   1.13039994       0.00000000    
   1.13119996       0.00000000    
   1.13199997       0.00000000    
   1.13279998       0.00000000    
   1.13360000       0.00000000    
   1.13440001       0.00000000    
   1.13520002       0.00000000    
   1.13599992       0.00000000    
   1.13679993       0.00000000    
   1.13759995       0.00000000    
   1.13839996       0.00000000    
   1.13919997       0.00000000    
   1.13999999       0.00000000    
   1.14080000       0.00000000    
   1.14160001       0.00000000    
   1.14240003       0.00000000    
   1.14319992       0.00000000    
   1.14399993       0.00000000    
   1.14479995       0.00000000    
   1.14559996       0.00000000    
   1.14639997       0.00000000    
   1.14719999       0.00000000    
   1.14800000       0.00000000    
   1.14880002       0.00000000    
   1.14960003       0.00000000    
   1.15039992       0.00000000    
   1.15119994       0.00000000    
   1.15199995       0.00000000    
   1.15279996       0.00000000    
   1.15359998       0.00000000    
   1.15439999       0.00000000    
   1.15520000       0.00000000    
   1.15600002       0.00000000    
   1.15679991       0.00000000    
   1.15759993       0.00000000    
   1.15839994       0.00000000    
   1.15919995       0.00000000    
   1.15999997       0.00000000    
   1.16079998       0.00000000    
   1.16159999       0.00000000    
   1.16240001       0.00000000    
   1.16320002       0.00000000    
   1.16399992       0.00000000    
   1.16479993       0.00000000    
   1.16559994       0.00000000    
   1.16639996       0.00000000    
   1.16719997       0.00000000    
   1.16799998       0.00000000    
   1.16880000       0.00000000    
   1.16960001       0.00000000    
   1.17040002       0.00000000    
   1.17119992       0.00000000    
   1.17199993       0.00000000    
   1.17279994       0.00000000    
   1.17359996       0.00000000    
   1.17439997       0.00000000    
   1.17519999       0.00000000    
   1.17600000       0.00000000    
   1.17680001       0.00000000    
   1.17760003       0.00000000    
   1.17839992       0.00000000    
   1.17919993       0.00000000    
   1.17999995       0.00000000    
   1.18079996       0.00000000    
   1.18159997       0.00000000    
   1.18239999       0.00000000    
   1.18320000       0.00000000    
   1.18400002       0.00000000    
   1.18480003       0.00000000    
   1.18559992       0.00000000    
   1.18639994       0.00000000    
   1.18719995       0.00000000    
   1.18799996       0.00000000    
   1.18879998       0.00000000    
   1.18959999       0.00000000    
   1.19040000       0.00000000    
   1.19120002       0.00000000    
   1.19199991       0.00000000    
   1.19279993       0.00000000    
   1.19359994       0.00000000    
   1.19439995       0.00000000    
   1.19519997       0.00000000    
   1.19599998       0.00000000    
   1.19679999       0.00000000    
   1.19760001       0.00000000    
   1.19840002       0.00000000    
   1.19919991       0.00000000    
   1.19999993       0.00000000    
   1.20079994       0.00000000    
   1.20159996       0.00000000    
   1.20239997       0.00000000    
   1.20319998       0.00000000    
   1.20400000       0.00000000    
   1.20480001       0.00000000    
   1.20560002       0.00000000    
   1.20639992       0.00000000    
   1.20719993       0.00000000    
   1.20799994       0.00000000    
   1.20879996       0.00000000    
   1.20959997       0.00000000    
   1.21039999       0.00000000    
   1.21120000       0.00000000    
   1.21200001       0.00000000    
   1.21280003       0.00000000    
   1.21359992       0.00000000    
   1.21439993       0.00000000    
   1.21519995       0.00000000    
   1.21599996       0.00000000    
   1.21679997       0.00000000    
   1.21759999       0.00000000    
   1.21840000       0.00000000    
   1.21920002       0.00000000    
   1.22000003       0.00000000    
   1.22079992       0.00000000    
   1.22159994       0.00000000    
   1.22239995       0.00000000    
   1.22319996       0.00000000    
   1.22399998       0.00000000    
   1.22479999       0.00000000    
   1.22560000       0.00000000    
   1.22640002       0.00000000    
   1.22719991       0.00000000    
   1.22799993       0.00000000    
   1.22879994       0.00000000    
   1.22959995       0.00000000    
   1.23039997       0.00000000    
   1.23119998       0.00000000    
   1.23199999       0.00000000    
   1.23280001       0.00000000    
   1.23360002       0.00000000    
   1.23439991       0.00000000    
   1.23519993       0.00000000    
   1.23599994       0.00000000    
   1.23679996       0.00000000    
   1.23759997       0.00000000    
   1.23839998       0.00000000    
   1.23920000       0.00000000    
   1.24000001       0.00000000    
   1.24080002       0.00000000    
   1.24159992       0.00000000    
   1.24239993       0.00000000    
   1.24319994       0.00000000    
   1.24399996       0.00000000    
   1.24479997       0.00000000    
   1.24559999       0.00000000    
   1.24640000       0.00000000    
   1.24720001       0.00000000    
   1.24800003       0.00000000    
   1.24879992       0.00000000    
   1.24959993       0.00000000    
   1.25039995       0.00000000    
   1.25119996       0.00000000    
   1.25199997       0.00000000    
   1.25279999       0.00000000    
   1.25360000       0.00000000    
   1.25440001       0.00000000    
   1.25519991       0.00000000    
   1.25599992       0.00000000    
   1.25679994       0.00000000    
   1.25759995       0.00000000    
   1.25839996       0.00000000    
   1.25919998       0.00000000    
   1.25999999       0.00000000    
   1.26080000       0.00000000    
   1.26160002       0.00000000    
   1.26239991       0.00000000    
   1.26319993       0.00000000    
   1.26399994       0.00000000    
   1.26479995       0.00000000    
   1.26559997       0.00000000    
   1.26639998       0.00000000    
   1.26719999       0.00000000    
   1.26800001       0.00000000    
   1.26880002       0.00000000    
   1.26959991       0.00000000    
   1.27039993       0.00000000    
   1.27119994       0.00000000    
   1.27199996       0.00000000    
   1.27279997       0.00000000    
   1.27359998       0.00000000    
   1.27440000       0.00000000    
   1.27520001       0.00000000    
   1.27600002       0.00000000    
   1.27679992       0.00000000    
   1.27759993       0.00000000    
   1.27839994       0.00000000    
   1.27919996       0.00000000    
   1.27999997       0.00000000    
   1.28079998       0.00000000    
   1.28160000       0.00000000    
   1.28240001       0.00000000    
   1.28320003       0.00000000    
   1.28399992       0.00000000    
   1.28479993       0.00000000    
   1.28559995       0.00000000    
   1.28639996       0.00000000    
   1.28719997       0.00000000    
   1.28799999       0.00000000    
   1.28880000       0.00000000    
   1.28960001       0.00000000    
   1.29039991       0.00000000    
   1.29119992       0.00000000    
   1.29199994       0.00000000    
   1.29279995       0.00000000    
   1.29359996       0.00000000    
   1.29439998       0.00000000    
   1.29519999       0.00000000    
   1.29600000       0.00000000    
   1.29680002       0.00000000    
   1.29759991       0.00000000    
   1.29839993       0.00000000    
   1.29919994       0.00000000    
   1.29999995       0.00000000    
   1.30079997       0.00000000    
   1.30159998       0.00000000    
   1.30239999       0.00000000    
   1.30320001       0.00000000    
   1.30400002       0.00000000    
   1.30479991       0.00000000    
   1.30559993       0.00000000    
   1.30639994       0.00000000    
   1.30719995       0.00000000    
   1.30799997       0.00000000    
   1.30879998       0.00000000    
   1.30960000       0.00000000    
   1.31040001       0.00000000    
   1.31120002       0.00000000    
   1.31199992       0.00000000    
   1.31279993       0.00000000    
   1.31359994       0.00000000    
   1.31439996       0.00000000    
   1.31519997       0.00000000    
   1.31599998       0.00000000    
   1.31680000       0.00000000    
   1.31760001       0.00000000    
   1.31840003       0.00000000    
   1.31919992       0.00000000    
   1.31999993       0.00000000    
   1.32079995       0.00000000    
   1.32159996       0.00000000    
   1.32239997       0.00000000    
   1.32319999       0.00000000    
   1.32400000       0.00000000    
   1.32480001       0.00000000    
   1.32559991       0.00000000    
   1.32639992       0.00000000    
   1.32719994       0.00000000    
   1.32799995       0.00000000    
   1.32879996       0.00000000    
   1.32959998       0.00000000    
   1.33039999       0.00000000    
   1.33120000       0.00000000    
   1.33200002       0.00000000    
   1.33279991       0.00000000    
   1.33359993       0.00000000    
   1.33439994       0.00000000    
   1.33519995       0.00000000    
   1.33599997       0.00000000    
   1.33679998       0.00000000    
   1.33759999       0.00000000    
   1.33840001       0.00000000    
   1.33920002       0.00000000    
   1.33999991       0.00000000    
   1.34079993       0.00000000    
   1.34159994       0.00000000    
   1.34239995       0.00000000    
   1.34319997       0.00000000    
   1.34399998       0.00000000    
   1.34480000       0.00000000    
   1.34560001       0.00000000    
   1.34640002       0.00000000    
   1.34719992       0.00000000    
   1.34799993       0.00000000    
   1.34879994       0.00000000    
   1.34959996       0.00000000    
   1.35039997       0.00000000    
   1.35119998       0.00000000    
   1.35200000       0.00000000    
   1.35280001       0.00000000    
   1.35360003       0.00000000    
   1.35439992       0.00000000    
   1.35519993       0.00000000    
   1.35599995       0.00000000    
   1.35679996       0.00000000    
   1.35759997       0.00000000    
   1.35839999       0.00000000    
   1.35920000       0.00000000    
   1.36000001       0.00000000    
   1.36079991       0.00000000    
   1.36159992       0.00000000    
   1.36239994       0.00000000    
   1.36319995       0.00000000    
   1.36399996       0.00000000    
   1.36479998       0.00000000    
   1.36559999       0.00000000    
   1.36640000       0.00000000    
   1.36720002       0.00000000    
   1.36799991       0.00000000    
   1.36879992       0.00000000    
   1.36959994       0.00000000    
   1.37039995       0.00000000    
   1.37119997       0.00000000    
   1.37199998       0.00000000    
   1.37279999       0.00000000    
   1.37360001       0.00000000    
   1.37440002       0.00000000    
   1.37519991       0.00000000    
   1.37599993       0.00000000    
   1.37679994       0.00000000    
   1.37759995       0.00000000    
   1.37839997       0.00000000    
   1.37919998       0.00000000    
   1.38000000       0.00000000    
   1.38080001       0.00000000    
   1.38160002       0.00000000    
   1.38239992       0.00000000    
   1.38319993       0.00000000    
   1.38399994       0.00000000    
   1.38479996       0.00000000    
   1.38559997       0.00000000    
   1.38639998       0.00000000    
   1.38720000       0.00000000    
   1.38800001       0.00000000    
   1.38879991       0.00000000    
   1.38959992       0.00000000    
   1.39039993       0.00000000    
   1.39119995       0.00000000    
   1.39199996       0.00000000    
   1.39279997       0.00000000    
   1.39359999       0.00000000    
   1.39440000       0.00000000    
   1.39520001       0.00000000    
   1.39599991       0.00000000    
   1.39679992       0.00000000    
   1.39759994       0.00000000    
   1.39839995       0.00000000    
   1.39919996       0.00000000    
   1.39999998       0.00000000    
   1.40079999       0.00000000    
   1.40160000       0.00000000    
   1.40240002       0.00000000    
   1.40319991       0.00000000    
   1.40399992       0.00000000    
   1.40479994       0.00000000    
   1.40559995       0.00000000    
   1.40639997       0.00000000    
   1.40719998       0.00000000    
   1.40799999       0.00000000    
   1.40880001       0.00000000    
   1.40960002       0.00000000    
   1.41039991       0.00000000    
   1.41119993       0.00000000    
   1.41199994       0.00000000    
   1.41279995       0.00000000    
   1.41359997       0.00000000    
   1.41439998       0.00000000    
   1.41520000       0.00000000    
   1.41600001       0.00000000    
   1.41680002       0.00000000    
   1.41759992       0.00000000    
   1.41839993       0.00000000    
   1.41919994       0.00000000    
   1.41999996       0.00000000    
   1.42079997       0.00000000    
   1.42159998       0.00000000    
   1.42240000       0.00000000    
   1.42320001       0.00000000    
   1.42399991       0.00000000    
   1.42479992       0.00000000    
   1.42559993       0.00000000    
   1.42639995       0.00000000    
   1.42719996       0.00000000    
   1.42799997       0.00000000    
   1.42879999       0.00000000    
   1.42960000       0.00000000    
   1.43040001       0.00000000    
   1.43119991       0.00000000    
   1.43199992       0.00000000    
   1.43279994       0.00000000    
   1.43359995       0.00000000    
   1.43439996       0.00000000    
   1.43519998       0.00000000    
   1.43599999       0.00000000    
   1.43680000       0.00000000    
   1.43760002       0.00000000    
   1.43839991       0.00000000    
   1.43919992       0.00000000    
   1.43999994       0.00000000    
   1.44079995       0.00000000    
   1.44159997       0.00000000    
   1.44239998       0.00000000    
   1.44319999       0.00000000    
   1.44400001       0.00000000    
   1.44480002       0.00000000    
   1.44559991       0.00000000    
   1.44639993       0.00000000    
   1.44719994       0.00000000    
   1.44799995       0.00000000    
   1.44879997       0.00000000    
   1.44959998       0.00000000    
   1.45039999       0.00000000    
   1.45120001       0.00000000    
   1.45200002       0.00000000    
   1.45279992       0.00000000    
   1.45359993       0.00000000    
   1.45439994       0.00000000    
   1.45519996       0.00000000    
   1.45599997       0.00000000    
   1.45679998       0.00000000    
   1.45760000       0.00000000    
   1.45840001       0.00000000    
   1.45919991       0.00000000    
   1.45999992       0.00000000    
   1.46079993       0.00000000    
   1.46159995       0.00000000    
   1.46239996       0.00000000    
   1.46319997       0.00000000    
   1.46399999       0.00000000    
   1.46480000       0.00000000    
   1.46560001       0.00000000    
   1.46639991       0.00000000    
   1.46719992       0.00000000    
   1.46799994       0.00000000    
   1.46879995       0.00000000    
   1.46959996       0.00000000    
   1.47039998       0.00000000    
   1.47119999       0.00000000    
   1.47200000       0.00000000    
   1.47280002       0.00000000    
   1.47359991       0.00000000    
   1.47439992       0.00000000    
   1.47519994       0.00000000    
   1.47599995       0.00000000    
   1.47679996       0.00000000    
   1.47759998       0.00000000    
   1.47839999       0.00000000    
   1.47920001       0.00000000    
   1.48000002       0.00000000    
   1.48079991       0.00000000    
   1.48159993       0.00000000    
   1.48239994       0.00000000    
   1.48319995       0.00000000    
   1.48399997       0.00000000    
   1.48479998       0.00000000    
   1.48559999       0.00000000    
   1.48640001       0.00000000    
   1.48720002       0.00000000    
   1.48799992       0.00000000    
   1.48879993       0.00000000    
   1.48959994       0.00000000    
   1.49039996       0.00000000    
   1.49119997       0.00000000    
   1.49199998       0.00000000    
   1.49280000       0.00000000    
   1.49360001       0.00000000    
   1.49439991       0.00000000    
   1.49519992       0.00000000    
   1.49599993       0.00000000    
   1.49679995       0.00000000    
   1.49759996       0.00000000    
   1.49839997       0.00000000    
   1.49919999       0.00000000    
   1.50000000       0.00000000    
   1.50080001       0.00000000    
   1.50159991       0.00000000    
   1.50239992       0.00000000    
   1.50319993       0.00000000    
   1.50399995       0.00000000    
   1.50479996       0.00000000    
   1.50559998       0.00000000    
   1.50639999       0.00000000    
   1.50720000       0.00000000    
   1.50800002       0.00000000    
   1.50879991       0.00000000    
   1.50959992       0.00000000    
   1.51039994       0.00000000    
   1.51119995       0.00000000    
   1.51199996       0.00000000    
   1.51279998       0.00000000    
   1.51359999       0.00000000    
   1.51440001       0.00000000    
   1.51520002       0.00000000    
   1.51599991       0.00000000    
   1.51679993       0.00000000    
   1.51759994       0.00000000    
   1.51839995       0.00000000    
   1.51919997       0.00000000    
   1.51999998       0.00000000    
   1.52079999       0.00000000    
   1.52160001       0.00000000    
   1.52239990       0.00000000    
   1.52319992       0.00000000    
   1.52399993       0.00000000    
   1.52479994       0.00000000    
   1.52559996       0.00000000    
   1.52639997       0.00000000    
   1.52719998       0.00000000    
   1.52800000       0.00000000    
   1.52880001       0.00000000    
   1.52959991       0.00000000    
   1.53039992       0.00000000    
   1.53119993       0.00000000    
   1.53199995       0.00000000    
   1.53279996       0.00000000    
   1.53359997       0.00000000    
   1.53439999       0.00000000    
   1.53520000       0.00000000    
   1.53600001       0.00000000    
   1.53679991       0.00000000    
   1.53759992       0.00000000    
   1.53839993       0.00000000    
   1.53919995       0.00000000    
   1.53999996       0.00000000    
   1.54079998       0.00000000    
   1.54159999       0.00000000    
   1.54240000       0.00000000    
   1.54320002       0.00000000    
   1.54399991       0.00000000    
   1.54479992       0.00000000    
   1.54559994       0.00000000    
   1.54639995       0.00000000    
   1.54719996       0.00000000    
   1.54799998       0.00000000    
   1.54879999       0.00000000    
   1.54960001       0.00000000    
   1.55040002       0.00000000    
   1.55119991       0.00000000    
   1.55199993       0.00000000    
   1.55279994       0.00000000    
   1.55359995       0.00000000    
   1.55439997       0.00000000    
   1.55519998       0.00000000    
   1.55599999       0.00000000    
   1.55680001       0.00000000    
   1.55759990       0.00000000    
   1.55839992       0.00000000    
   1.55919993       0.00000000    
   1.55999994       0.00000000    
   1.56079996       0.00000000    
   1.56159997       0.00000000    
   1.56239998       0.00000000    
   1.56320000       0.00000000    
   1.56400001       0.00000000    
   1.56479990       0.00000000    
   1.56559992       0.00000000    
   1.56639993       0.00000000    
   1.56719995       0.00000000    
   1.56799996       0.00000000    
   1.56879997       0.00000000    
   1.56959999       0.00000000    
   1.57040000       0.00000000    
   1.57120001       0.00000000    
   1.57199991       0.00000000    
   1.57279992       0.00000000    
   1.57359993       0.00000000    
   1.57439995       0.00000000    
   1.57519996       0.00000000    
   1.57599998       0.00000000    
   1.57679999       0.00000000    
   1.57760000       0.00000000    
   1.57840002       0.00000000    
   1.57919991       0.00000000    
   1.57999992       0.00000000    
   1.58079994       0.00000000    
   1.58159995       0.00000000    
   1.58239996       0.00000000    
   1.58319998       0.00000000    
   1.58399999       0.00000000    
   1.58480000       0.00000000    
   1.58560002       0.00000000    
   1.58639991       0.00000000    
   1.58719993       0.00000000    
   1.58799994       0.00000000    
   1.58879995       0.00000000    
   1.58959997       0.00000000    
   1.59039998       0.00000000    
   1.59119999       0.00000000    
   1.59200001       0.00000000    
   1.59279990       0.00000000    
   1.59359992       0.00000000    
   1.59439993       0.00000000    
   1.59519994       0.00000000    
   1.59599996       0.00000000    
   1.59679997       0.00000000    
   1.59759998       0.00000000    
   1.59840000       0.00000000    
   1.59920001       0.00000000    
   1.59999990       0.00000000    
   1.60079992       0.00000000    
   1.60159993       0.00000000    
   1.60239995       0.00000000    
   1.60319996       0.00000000    
   1.60399997       0.00000000    
   1.60479999       0.00000000    
   1.60560000       0.00000000    
   1.60640001       0.00000000    
   1.60719991       0.00000000    
   1.60799992       0.00000000    
   1.60879993       0.00000000    
   1.60959995       0.00000000    
   1.61039996       0.00000000    
   1.61119998       0.00000000    
   1.61199999       0.00000000    
   1.61280000       0.00000000    
   1.61360002       0.00000000    
   1.61439991       0.00000000    
   1.61519992       0.00000000    
   1.61599994       0.00000000    
   1.61679995       0.00000000    
   1.61759996       0.00000000    
   1.61839998       0.00000000    
   1.61919999       0.00000000    
   1.62000000       0.00000000    
   1.62080002       0.00000000    
   1.62159991       0.00000000    
   1.62239993       0.00000000    
   1.62319994       0.00000000    
   1.62399995       0.00000000    
   1.62479997       0.00000000    
   1.62559998       0.00000000    
   1.62639999       0.00000000    
   1.62720001       0.00000000    
   1.62799990       0.00000000    
   1.62879992       0.00000000    
   1.62959993       0.00000000    
   1.63039994       0.00000000    
   1.63119996       0.00000000    
   1.63199997       0.00000000    
   1.63279998       0.00000000    
   1.63360000       0.00000000    
   1.63440001       0.00000000    
   1.63519990       0.00000000    
   1.63599992       0.00000000    
   1.63679993       0.00000000    
   1.63759995       0.00000000    
   1.63839996       0.00000000    
   1.63919997       0.00000000    
   1.63999999       0.00000000    
   1.64080000       0.00000000    
   1.64160001       0.00000000    
   1.64239991       0.00000000    
   1.64319992       0.00000000    
   1.64399993       0.00000000    
   1.64479995       0.00000000    
   1.64559996       0.00000000    
   1.64639997       0.00000000    
   1.64719999       0.00000000    
   1.64800000       0.00000000    
   1.64880002       0.00000000    
   1.64959991       0.00000000    
   1.65039992       0.00000000    
   1.65119994       0.00000000    
   1.65199995       0.00000000    
   1.65279996       0.00000000    
   1.65359998       0.00000000    
   1.65439999       0.00000000    
   1.65520000       0.00000000    
   1.65599990       0.00000000    
   1.65679991       0.00000000    
   1.65759993       0.00000000    
   1.65839994       0.00000000    
   1.65919995       0.00000000    
   1.65999997       0.00000000    
   1.66079998       0.00000000    
   1.66159999       0.00000000    
   1.66240001       0.00000000    
   1.66319990       0.00000000    
   1.66399992       0.00000000    
   1.66479993       0.00000000    
   1.66559994       0.00000000    
   1.66639996       0.00000000    
   1.66719997       0.00000000    
   1.66799998       0.00000000    
   1.66880000       0.00000000    
   1.66960001       0.00000000    
   1.67039990       0.00000000    
   1.67119992       0.00000000    
   1.67199993       0.00000000    
   1.67279994       0.00000000    
   1.67359996       0.00000000    
   1.67439997       0.00000000    
   1.67519999       0.00000000    
   1.67600000       0.00000000    
   1.67680001       0.00000000    
   1.67759991       0.00000000    
   1.67839992       0.00000000    
   1.67919993       0.00000000    
   1.67999995       0.00000000    
   1.68079996       0.00000000    
   1.68159997       0.00000000    
   1.68239999       0.00000000    
   1.68320000       0.00000000    
   1.68400002       0.00000000    
   1.68479991       0.00000000    
   1.68559992       0.00000000    
   1.68639994       0.00000000    
   1.68719995       0.00000000    
   1.68799996       0.00000000    
   1.68879998       0.00000000    
   1.68959999       0.00000000    
   1.69040000       0.00000000    
   1.69119990       0.00000000    
   1.69199991       0.00000000    
   1.69279993       0.00000000    
   1.69359994       0.00000000    
   1.69439995       0.00000000    
   1.69519997       0.00000000    
   1.69599998       0.00000000    
   1.69679999       0.00000000    
   1.69760001       0.00000000    
   1.69839990       0.00000000    
   1.69919991       0.00000000    
   1.69999993       0.00000000    
   1.70079994       0.00000000    
   1.70159996       0.00000000    
   1.70239997       0.00000000    
   1.70319998       0.00000000    
   1.70400000       0.00000000    
   1.70480001       0.00000000    
   1.70559990       0.00000000    
   1.70639992       0.00000000    
   1.70719993       0.00000000    
   1.70799994       0.00000000    
   1.70879996       0.00000000    
   1.70959997       0.00000000    
   1.71039999       0.00000000    
   1.71120000       0.00000000    
   1.71200001       0.00000000    
   1.71279991       0.00000000    
   1.71359992       0.00000000    
   1.71439993       0.00000000    
   1.71519995       0.00000000    
   1.71599996       0.00000000    
   1.71679997       0.00000000    
   1.71759999       0.00000000    
   1.71840000       0.00000000    
   1.71920002       0.00000000    
   1.71999991       0.00000000    
   1.72079992       0.00000000    
   1.72159994       0.00000000    
   1.72239995       0.00000000    
   1.72319996       0.00000000    
   1.72399998       0.00000000    
   1.72479999       0.00000000    
   1.72560000       0.00000000    
   1.72639990       0.00000000    
   1.72719991       0.00000000    
   1.72799993       0.00000000    
   1.72879994       0.00000000    
   1.72959995       0.00000000    
   1.73039997       0.00000000    
   1.73119998       0.00000000    
   1.73199999       0.00000000    
   1.73280001       0.00000000    
   1.73359990       0.00000000    
   1.73439991       0.00000000    
   1.73519993       0.00000000    
   1.73599994       0.00000000    
   1.73679996       0.00000000    
   1.73759997       0.00000000    
   1.73839998       0.00000000    
   1.73920000       0.00000000    
   1.74000001       0.00000000    
   1.74079990       0.00000000    
   1.74159992       0.00000000    
   1.74239993       0.00000000    
   1.74319994       0.00000000    
   1.74399996       0.00000000    
   1.74479997       0.00000000    
   1.74559999       0.00000000    
   1.74640000       0.00000000    
   1.74720001       0.00000000    
   1.74799991       0.00000000    
   1.74879992       0.00000000    
   1.74959993       0.00000000    
   1.75039995       0.00000000    
   1.75119996       0.00000000    
   1.75199997       0.00000000    
   1.75279999       0.00000000    
   1.75360000       0.00000000    
   1.75440001       0.00000000    
   1.75519991       0.00000000    
   1.75599992       0.00000000    
   1.75679994       0.00000000    
   1.75759995       0.00000000    
   1.75839996       0.00000000    
   1.75919998       0.00000000    
   1.75999999       0.00000000    
   1.76080000       0.00000000    
   1.76159990       0.00000000    
   1.76239991       0.00000000    
   1.76319993       0.00000000    
   1.76399994       0.00000000    
   1.76479995       0.00000000    
   1.76559997       0.00000000    
   1.76639998       0.00000000    
   1.76719999       0.00000000    
   1.76800001       0.00000000    
   1.76879990       0.00000000    
   1.76959991       0.00000000    
   1.77039993       0.00000000    
   1.77119994       0.00000000    
   1.77199996       0.00000000    
   1.77279997       0.00000000    
   1.77359998       0.00000000    
   1.77440000       0.00000000    
   1.77520001       0.00000000    
   1.77599990       0.00000000    
   1.77679992       0.00000000    
   1.77759993       0.00000000    
   1.77839994       0.00000000    
   1.77919996       0.00000000    
   1.77999997       0.00000000    
   1.78079998       0.00000000    
   1.78160000       0.00000000    
   1.78240001       0.00000000    
   1.78319991       0.00000000    
   1.78399992       0.00000000    
   1.78479993       0.00000000    
   1.78559995       0.00000000    
   1.78639996       0.00000000    
   1.78719997       0.00000000    
   1.78799999       0.00000000    
   1.78880000       0.00000000    
   1.78959990       0.00000000    
   1.79039991       0.00000000    
   1.79119992       0.00000000    
   1.79199994       0.00000000    
   1.79279995       0.00000000    
   1.79359996       0.00000000    
   1.79439998       0.00000000    
   1.79519999       0.00000000    
   1.79600000       0.00000000    
   1.79679990       0.00000000    
   1.79759991       0.00000000    
   1.79839993       0.00000000    
   1.79919994       0.00000000    
   1.79999995       0.00000000    
   1.80079997       0.00000000    
   1.80159998       0.00000000    
   1.80239999       0.00000000    
   1.80320001       0.00000000    
   1.80399990       0.00000000    
   1.80479991       0.00000000    
   1.80559993       0.00000000    
   1.80639994       0.00000000    
   1.80719995       0.00000000    
   1.80799997       0.00000000    
   1.80879998       0.00000000    
   1.80960000       0.00000000    
   1.81040001       0.00000000    
   1.81119990       0.00000000    
   1.81199992       0.00000000    
   1.81279993       0.00000000    
   1.81359994       0.00000000    
   1.81439996       0.00000000    
   1.81519997       0.00000000    
   1.81599998       0.00000000    
   1.81680000       0.00000000    
   1.81760001       0.00000000    
   1.81839991       0.00000000    
   1.81919992       0.00000000    
   1.81999993       0.00000000    
   1.82079995       0.00000000    
   1.82159996       0.00000000    
   1.82239997       0.00000000    
   1.82319999       0.00000000    
   1.82400000       0.00000000    
   1.82479990       0.00000000    
   1.82559991       0.00000000    
   1.82639992       0.00000000    
   1.82719994       0.00000000    
   1.82799995       0.00000000    
   1.82879996       0.00000000    
   1.82959998       0.00000000    
   1.83039999       0.00000000    
   1.83120000       0.00000000    
   1.83199990       0.00000000    
   1.83279991       0.00000000    
   1.83359993       0.00000000    
   1.83439994       0.00000000    
   1.83519995       0.00000000    
   1.83599997       0.00000000    
   1.83679998       0.00000000    
   1.83759999       0.00000000    
   1.83840001       0.00000000    
   1.83919990       0.00000000    
   1.83999991       0.00000000    
   1.84079993       0.00000000    
   1.84159994       0.00000000    
   1.84239995       0.00000000    
   1.84319997       0.00000000    
   1.84399998       0.00000000    
   1.84480000       0.00000000    
   1.84560001       0.00000000    
   1.84639990       0.00000000    
   1.84719992       0.00000000    
   1.84799993       0.00000000    
   1.84879994       0.00000000    
   1.84959996       0.00000000    
   1.85039997       0.00000000    
   1.85119998       0.00000000    
   1.85200000       0.00000000    
   1.85280001       0.00000000    
   1.85359991       0.00000000    
   1.85439992       0.00000000    
   1.85519993       0.00000000    
   1.85599995       0.00000000    
   1.85679996       0.00000000    
   1.85759997       0.00000000    
   1.85839999       0.00000000    
   1.85920000       0.00000000    
   1.85999990       0.00000000    
   1.86079991       0.00000000    
   1.86159992       0.00000000    
   1.86239994       0.00000000    
   1.86319995       0.00000000    
   1.86399996       0.00000000    
   1.86479998       0.00000000    
   1.86559999       0.00000000    
   1.86640000       0.00000000    
   1.86719990       0.00000000    
   1.86799991       0.00000000    
   1.86879992       0.00000000    
   1.86959994       0.00000000    
   1.87039995       0.00000000    
   1.87119997       0.00000000    
   1.87199998       0.00000000    
   1.87279999       0.00000000    
   1.87360001       0.00000000    
   1.87439990       0.00000000    
   1.87519991       0.00000000    
   1.87599993       0.00000000    
   1.87679994       0.00000000    
   1.87759995       0.00000000    
   1.87839997       0.00000000    
   1.87919998       0.00000000    
   1.88000000       0.00000000    
   1.88080001       0.00000000    
   1.88159990       0.00000000    
   1.88239992       0.00000000    
   1.88319993       0.00000000    
   1.88399994       0.00000000    
   1.88479996       0.00000000    
   1.88559997       0.00000000    
   1.88639998       0.00000000    
   1.88720000       0.00000000    
   1.88800001       0.00000000    
   1.88879991       0.00000000    
   1.88959992       0.00000000    
   1.89039993       0.00000000    
   1.89119995       0.00000000    
   1.89199996       0.00000000    
   1.89279997       0.00000000    
   1.89359999       0.00000000    
   1.89440000       0.00000000    
   1.89519989       0.00000000    
   1.89599991       0.00000000    
   1.89679992       0.00000000    
   1.89759994       0.00000000    
   1.89839995       0.00000000    
   1.89919996       0.00000000    
   1.89999998       0.00000000    
   1.90079999       0.00000000    
   1.90160000       0.00000000    
   1.90239990       0.00000000    
   1.90319991       0.00000000    
   1.90399992       0.00000000    
   1.90479994       0.00000000    
   1.90559995       0.00000000    
   1.90639997       0.00000000    
   1.90719998       0.00000000    
   1.90799999       0.00000000    
   1.90880001       0.00000000    
   1.90959990       0.00000000    
   1.91039991       0.00000000    
   1.91119993       0.00000000    
   1.91199994       0.00000000    
   1.91279995       0.00000000    
   1.91359997       0.00000000    
   1.91439998       0.00000000    
   1.91520000       0.00000000    
   1.91600001       0.00000000    
   1.91679990       0.00000000    
   1.91759992       0.00000000    
   1.91839993       0.00000000    
   1.91919994       0.00000000    
   1.91999996       0.00000000    
   1.92079997       0.00000000    
   1.92159998       0.00000000    
   1.92240000       0.00000000    
   1.92319989       0.00000000    
   1.92399991       0.00000000    
   1.92479992       0.00000000    
   1.92559993       0.00000000    
   1.92639995       0.00000000    
   1.92719996       0.00000000    
   1.92799997       0.00000000    
   1.92879999       0.00000000    
   1.92960000       0.00000000    
   1.93039989       0.00000000    
   1.93119991       0.00000000    
   1.93199992       0.00000000    
   1.93279994       0.00000000    
   1.93359995       0.00000000    
   1.93439996       0.00000000    
   1.93519998       0.00000000    
   1.93599999       0.00000000    
   1.93680000       0.00000000    
   1.93759990       0.00000000    
   1.93839991       0.00000000    
   1.93919992       0.00000000    
   1.93999994       0.00000000    
   1.94079995       0.00000000    
   1.94159997       0.00000000    
   1.94239998       0.00000000    
   1.94319999       0.00000000    
   1.94400001       0.00000000    
   1.94479990       0.00000000    
   1.94559991       0.00000000    
   1.94639993       0.00000000    
   1.94719994       0.00000000    
   1.94799995       0.00000000    
   1.94879997       0.00000000    
   1.94959998       0.00000000    
   1.95039999       0.00000000    
   1.95120001       0.00000000    
   1.95199990       0.00000000    
   1.95279992       0.00000000    
   1.95359993       0.00000000    
   1.95439994       0.00000000    
   1.95519996       0.00000000    
   1.95599997       0.00000000    
   1.95679998       0.00000000    
   1.95760000       0.00000000    
   1.95839989       0.00000000    
   1.95919991       0.00000000    
   1.95999992       0.00000000    
   1.96079993       0.00000000    
   1.96159995       0.00000000    
   1.96239996       0.00000000    
   1.96319997       0.00000000    
   1.96399999       0.00000000    
   1.96480000       0.00000000    
   1.96559989       0.00000000    
   1.96639991       0.00000000    
   1.96719992       0.00000000    
   1.96799994       0.00000000    
   1.96879995       0.00000000    
   1.96959996       0.00000000    
   1.97039998       0.00000000    
   1.97119999       0.00000000    
   1.97200000       0.00000000    
   1.97279990       0.00000000    
   1.97359991       0.00000000    
   1.97439992       0.00000000    
   1.97519994       0.00000000    
   1.97599995       0.00000000    
   1.97679996       0.00000000    
   1.97759998       0.00000000    
   1.97839999       0.00000000    
   1.97920001       0.00000000    
   1.97999990       0.00000000    
   1.98079991       0.00000000    
   1.98159993       0.00000000    
   1.98239994       0.00000000    
   1.98319995       0.00000000    
   1.98399997       0.00000000    
   1.98479998       0.00000000    
   1.98559999       0.00000000    
   1.98640001       0.00000000    
   1.98719990       0.00000000    
   1.98799992       0.00000000    
   1.98879993       0.00000000    
   1.98959994       0.00000000    
   1.99039996       0.00000000    
   1.99119997       0.00000000    
   1.99199998       0.00000000    
   1.99280000       0.00000000    
   1.99359989       0.00000000    
   1.99439991       0.00000000    
   1.99519992       0.00000000    
   1.99599993       0.00000000    
   1.99679995       0.00000000    
   1.99759996       0.00000000    
   1.99839997       0.00000000    
   1.99919999       0.00000000    
   2.00000000       0.00000000    
   2.00079989       0.00000000    
