   7.99999980E-04   3.26632871E-04
   1.59999996E-03   3.87350708E-04
   2.39999988E-03   4.58728959E-04
   3.19999992E-03   5.42515249E-04
   3.99999972E-03   6.40723971E-04
   4.79999976E-03   7.55675079E-04
   5.59999980E-03   8.90021794E-04
   6.39999984E-03   1.04681100E-03
   7.19999988E-03   1.22952787E-03
   7.99999945E-03   1.44213857E-03
   8.79999995E-03   1.68917770E-03
   9.59999952E-03   1.97579549E-03
   1.04000000E-02   2.30784505E-03
   1.11999996E-02   2.69196182E-03
   1.20000001E-02   3.13563738E-03
   1.27999997E-02   3.64735024E-03
   1.35999992E-02   4.23665904E-03
   1.43999998E-02   4.91430331E-03
   1.51999993E-02   5.69236651E-03
   1.59999989E-02   6.58436725E-03
   1.67999994E-02   7.60546001E-03
   1.75999999E-02   8.77252501E-03
   1.84000004E-02   1.01044197E-02
   1.91999990E-02   1.16220992E-02
   1.99999996E-02   1.33488346E-02
   2.08000001E-02   1.53103434E-02
   2.15999987E-02   1.75351072E-02
   2.23999992E-02   2.00545844E-02
   2.31999997E-02   2.29033399E-02
   2.40000002E-02   2.61193346E-02
   2.47999988E-02   2.97441594E-02
   2.55999994E-02   3.38233933E-02
   2.63999999E-02   3.84066328E-02
   2.71999985E-02   4.35479097E-02
   2.79999990E-02   4.93058860E-02
   2.87999995E-02   5.57441525E-02
   2.96000000E-02   6.29312769E-02
   3.03999986E-02   7.09411800E-02
   3.11999992E-02   7.98535869E-02
   3.19999978E-02   8.97534043E-02
   3.28000002E-02  0.100731850    
   3.35999988E-02  0.112885907    
   3.43999974E-02  0.126318634    
   3.51999998E-02  0.141139612    
   3.59999985E-02  0.157463521    
   3.68000008E-02  0.175411895    
   3.75999995E-02  0.195111632    
   3.83999981E-02  0.216695428    
   3.92000005E-02  0.240301713    
   3.99999991E-02  0.266073078    
   4.07999977E-02  0.294156849    
   4.16000001E-02  0.324704438    
   4.23999988E-02  0.357870102    
   4.31999974E-02  0.393810153    
   4.39999998E-02  0.432683498    
   4.47999984E-02  0.474646837    
   4.55999970E-02  0.519857585    
   4.63999994E-02  0.568470836    
   4.71999981E-02  0.620636463    
   4.80000004E-02  0.676499546    
   4.87999991E-02  0.736197412    
   4.95999977E-02  0.799857914    
   5.04000001E-02  0.867597103    
   5.11999987E-02  0.939517319    
   5.19999973E-02   1.01570547    
   5.27999997E-02   1.09622824    
   5.35999984E-02   1.18113053    
   5.43999970E-02   1.27043426    
   5.51999994E-02   1.36413550    
   5.59999980E-02   1.46219766    
   5.68000004E-02   1.56455433    
   5.75999990E-02   1.67110085    
   5.83999977E-02   1.78169668    
   5.92000000E-02   1.89616072    
   5.99999987E-02   2.01426458    
   6.07999973E-02   2.13573694    
   6.15999997E-02   2.26025987    
   6.23999983E-02   2.38745856    
   6.31999969E-02   2.51691127    
   6.39999956E-02   2.64814115    
   6.48000017E-02   2.78061652    
   6.56000003E-02   2.91374755    
   6.63999990E-02   3.04689097    
   6.71999976E-02   3.17934895    
   6.79999962E-02   3.31036425    
   6.87999949E-02   3.43912935    
   6.96000010E-02   3.56478596    
   7.03999996E-02   3.68642068    
   7.11999983E-02   3.80308032    
   7.19999969E-02   3.91376591    
   7.27999955E-02   4.01744127    
   7.36000016E-02   4.11304140    
   7.44000003E-02   4.19946766    
   7.51999989E-02   4.27560806    
   7.59999976E-02   4.34033489    
   7.67999962E-02   4.39251709    
   7.75999948E-02   4.43102694    
   7.84000009E-02   4.45475101    
   7.91999996E-02   4.46259737    
   7.99999982E-02   4.45350599    
   8.07999969E-02   4.42646217    
   8.15999955E-02   4.38050318    
   8.24000016E-02   4.31473112    
   8.32000002E-02   4.22832346    
   8.39999989E-02   4.12054539    
   8.47999975E-02   3.99075651    
   8.55999961E-02   3.83842468    
   8.63999948E-02   3.66313601    
   8.72000009E-02   3.46460032    
   8.79999995E-02   3.24266934    
   8.87999982E-02   2.99733257    
   8.95999968E-02   2.72873116    
   9.03999954E-02   2.43716598    
   9.11999941E-02   2.12309790    
   9.20000002E-02   1.78715026    
   9.27999988E-02   1.43012524    
   9.35999975E-02   1.05298579    
   9.43999961E-02  0.656863570    
   9.51999947E-02  0.243060574    
   9.60000008E-02 -0.186964050    
   9.67999995E-02 -0.631579280    
   9.75999981E-02  -1.08901358    
   9.83999968E-02  -1.55735254    
   9.91999954E-02  -2.03454518    
   9.99999940E-02  -2.51841760    
  0.100800000      -3.00669694    
  0.101599999      -3.49699616    
  0.102399997      -3.98686671    
  0.103199996      -4.47379208    
  0.103999995      -4.95520926    
  0.104800001      -5.42853880    
  0.105599999      -5.89117527    
  0.106399998      -6.34054327    
  0.107199997      -6.77409458    
  0.107999995      -7.18933249    
  0.108799994      -7.58383608    
  0.109600000      -7.95527887    
  0.110399999      -8.30143452    
  0.111199997      -8.62022209    
  0.111999996      -8.90970135    
  0.112799995      -9.16809750    
  0.113600001      -9.39381695    
  0.114399999      -9.58545589    
  0.115199998      -9.74181938    
  0.115999997      -9.86192894    
  0.116799995      -9.94502926    
  0.117599994      -9.99059772    
  0.118400000      -9.99834538    
  0.119199999      -9.96822453    
  0.119999997      -9.90042400    
  0.120799996      -9.79537296    
  0.121599995      -9.65373135    
  0.122399993      -9.47638702    
  0.123199999      -9.26444817    
  0.123999998      -9.01923466    
  0.124799997      -8.74226379    
  0.125599995      -8.43523693    
  0.126399994      -8.10002995    
  0.127199993      -7.73867083    
  0.127999991      -7.35332489    
  0.128799990      -6.94628000    
  0.129600003      -6.51991272    
  0.130400002      -6.07670832    
  0.131200001      -5.61918736    
  0.131999999      -5.14992142    
  0.132799998      -4.67149973    
  0.133599997      -4.18651485    
  0.134399995      -3.69754267    
  0.135199994      -3.20711756    
  0.135999992      -2.71772313    
  0.136799991      -2.23176813    
  0.137599990      -1.75157535    
  0.138400003      -1.27935076    
  0.139200002     -0.817217767    
  0.140000001     -0.367137045    
  0.140799999       6.90573379E-02
  0.141599998      0.489679366    
  0.142399997      0.893199146    
  0.143199995       1.27824926    
  0.143999994       1.64362729    
  0.144799992       1.98829889    
  0.145599991       2.31139970    
  0.146399990       2.61223340    
  0.147200003       2.89027691    
  0.148000002       3.14515543    
  0.148800001       3.37666655    
  0.149599999       3.58475876    
  0.150399998       3.76952744    
  0.151199996       3.93120456    
  0.151999995       4.07015562    
  0.152799994       4.18686485    
  0.153599992       4.28192902    
  0.154399991       4.35604525    
  0.155199990       4.41000366    
  0.156000003       4.44467163    
  0.156800002       4.46098518    
  0.157600001       4.45993996    
  0.158399999       4.44257975    
  0.159199998       4.40998363    
  0.159999996       4.36325741    
  0.160799995       4.30352402    
  0.161599994       4.23191547    
  0.162399992       4.14956045    
  0.163199991       4.05757952    
  0.163999990       3.95707631    
  0.164800003       3.84912848    
  0.165600002       3.73478937    
  0.166400000       3.61507130    
  0.167199999       3.49094796    
  0.167999998       3.36334801    
  0.168799996       3.23315120    
  0.169599995       3.10118985    
  0.170399994       2.96823931    
  0.171199992       2.83502150    
  0.171999991       2.70220470    
  0.172799990       2.57039881    
  0.173599988       2.44015837    
  0.174400002       2.31198072    
  0.175200000       2.18631649    
  0.175999999       2.06355524    
  0.176799998       1.94403803    
  0.177599996       1.82805586    
  0.178399995       1.71585321    
  0.179199994       1.60763144    
  0.179999992       1.50354719    
  0.180799991       1.40371871    
  0.181599990       1.30822837    
  0.182399988       1.21712339    
  0.183200002       1.13042045    
  0.184000000       1.04811108    
  0.184799999      0.970157564    
  0.185599998      0.896501422    
  0.186399996      0.827063143    
  0.187199995      0.761748135    
  0.187999994      0.700444400    
  0.188799992      0.643029332    
  0.189599991      0.589368701    
  0.190399989      0.539320350    
  0.191199988      0.492736548    
  0.192000002      0.449463248    
  0.192800000      0.409345508    
  0.193599999      0.372225165    
  0.194399998      0.337943494    
  0.195199996      0.306344032    
  0.195999995      0.277271092    
  0.196799994      0.250571966    
  0.197599992      0.226097882    
  0.198399991      0.203703776    
  0.199199989      0.183249712    
  0.199999988      0.164600924    
  0.200800002      0.147627324    
  0.201600000      0.132206127    
  0.202399999      0.118219174    
  0.203199998      0.105554968    
  0.203999996       9.41077694E-02
  0.204799995       8.37780759E-02
  0.205599993       7.44725391E-02
  0.206399992       6.61034137E-02
  0.207199991       5.85890114E-02
  0.207999989       5.18530980E-02
  0.208799988       4.58248854E-02
  0.209600002       4.04386744E-02
  0.210400000       3.56339626E-02
  0.211199999       3.13548706E-02
  0.211999997       2.75499523E-02
  0.212799996       2.41719857E-02
  0.213599995       2.11778432E-02
  0.214399993       1.85280535E-02
  0.215199992       1.61867104E-02
  0.215999991       1.41211441E-02
  0.216799989       1.23016639E-02
  0.217599988       1.07014384E-02
  0.218400002       9.29618720E-03
  0.219200000       8.06409959E-03
  0.219999999       6.98545715E-03
  0.220799997       6.04259130E-03
  0.221599996       5.21965977E-03
  0.222399995       4.50248271E-03
  0.223199993       3.87841440E-03
  0.223999992       3.33618512E-03
  0.224799991       2.86576361E-03
  0.225599989       2.45825108E-03
  0.226399988       2.10575759E-03
  0.227200001       1.80130021E-03
  0.228000000       1.53873477E-03
  0.228799999       1.31262408E-03
  0.229599997       1.11819385E-03
  0.230399996       9.51248629E-04
  0.231199995       8.08113429E-04
  0.231999993       6.85573439E-04
  0.232799992       5.80814551E-04
  0.233599991       4.91388142E-04
  0.234399989       4.15162533E-04
  0.235199988       3.50279675E-04
  0.236000001       2.95133330E-04
  0.236800000       0.00000000    
  0.237599999       0.00000000    
  0.238399997       0.00000000    
  0.239199996       0.00000000    
  0.239999995       0.00000000    
  0.240799993       0.00000000    
  0.241599992       0.00000000    
  0.242399991       0.00000000    
  0.243199989       0.00000000    
  0.243999988       0.00000000    
  0.244799986       0.00000000    
  0.245600000       0.00000000    
  0.246399999       0.00000000    
  0.247199997       0.00000000    
  0.247999996       0.00000000    
  0.248799995       0.00000000    
  0.249599993       0.00000000    
  0.250400007       0.00000000    
  0.251199991       0.00000000    
  0.252000004       0.00000000    
  0.252799988       0.00000000    
  0.253600001       0.00000000    
  0.254399985       0.00000000    
  0.255199999       0.00000000    
  0.255999982       0.00000000    
  0.256799996       0.00000000    
  0.257599980       0.00000000    
  0.258399993       0.00000000    
  0.259200007       0.00000000    
  0.259999990       0.00000000    
  0.260800004       0.00000000    
  0.261599988       0.00000000    
  0.262400001       0.00000000    
  0.263199985       0.00000000    
  0.263999999       0.00000000    
  0.264799982       0.00000000    
  0.265599996       0.00000000    
  0.266399980       0.00000000    
  0.267199993       0.00000000    
  0.268000007       0.00000000    
  0.268799990       0.00000000    
  0.269600004       0.00000000    
  0.270399988       0.00000000    
  0.271200001       0.00000000    
  0.271999985       0.00000000    
  0.272799999       0.00000000    
  0.273599982       0.00000000    
  0.274399996       0.00000000    
  0.275199980       0.00000000    
  0.275999993       0.00000000    
  0.276800007       0.00000000    
  0.277599990       0.00000000    
  0.278400004       0.00000000    
  0.279199988       0.00000000    
  0.280000001       0.00000000    
  0.280799985       0.00000000    
  0.281599998       0.00000000    
  0.282399982       0.00000000    
  0.283199996       0.00000000    
  0.283999979       0.00000000    
  0.284799993       0.00000000    
  0.285600007       0.00000000    
  0.286399990       0.00000000    
  0.287200004       0.00000000    
  0.287999988       0.00000000    
  0.288800001       0.00000000    
  0.289599985       0.00000000    
  0.290399998       0.00000000    
  0.291199982       0.00000000    
  0.291999996       0.00000000    
  0.292799979       0.00000000    
  0.293599993       0.00000000    
  0.294400007       0.00000000    
  0.295199990       0.00000000    
  0.296000004       0.00000000    
  0.296799988       0.00000000    
  0.297600001       0.00000000    
  0.298399985       0.00000000    
  0.299199998       0.00000000    
  0.299999982       0.00000000    
  0.300799996       0.00000000    
  0.301599979       0.00000000    
  0.302399993       0.00000000    
  0.303200006       0.00000000    
  0.303999990       0.00000000    
  0.304800004       0.00000000    
  0.305599988       0.00000000    
  0.306400001       0.00000000    
  0.307199985       0.00000000    
  0.307999998       0.00000000    
  0.308799982       0.00000000    
  0.309599996       0.00000000    
  0.310399979       0.00000000    
  0.311199993       0.00000000    
  0.312000006       0.00000000    
  0.312799990       0.00000000    
  0.313600004       0.00000000    
  0.314399987       0.00000000    
  0.315200001       0.00000000    
  0.315999985       0.00000000    
  0.316799998       0.00000000    
  0.317599982       0.00000000    
  0.318399996       0.00000000    
  0.319199979       0.00000000    
  0.319999993       0.00000000    
  0.320800006       0.00000000    
  0.321599990       0.00000000    
  0.322400004       0.00000000    
  0.323199987       0.00000000    
  0.324000001       0.00000000    
  0.324799985       0.00000000    
  0.325599998       0.00000000    
  0.326399982       0.00000000    
  0.327199996       0.00000000    
  0.327999979       0.00000000    
  0.328799993       0.00000000    
  0.329600006       0.00000000    
  0.330399990       0.00000000    
  0.331200004       0.00000000    
  0.331999987       0.00000000    
  0.332800001       0.00000000    
  0.333599985       0.00000000    
  0.334399998       0.00000000    
  0.335199982       0.00000000    
  0.335999995       0.00000000    
  0.336799979       0.00000000    
  0.337599993       0.00000000    
  0.338400006       0.00000000    
  0.339199990       0.00000000    
  0.340000004       0.00000000    
  0.340799987       0.00000000    
  0.341600001       0.00000000    
  0.342399985       0.00000000    
  0.343199998       0.00000000    
  0.343999982       0.00000000    
  0.344799995       0.00000000    
  0.345599979       0.00000000    
  0.346399993       0.00000000    
  0.347199976       0.00000000    
  0.347999990       0.00000000    
  0.348800004       0.00000000    
  0.349599987       0.00000000    
  0.350400001       0.00000000    
  0.351199985       0.00000000    
  0.351999998       0.00000000    
  0.352799982       0.00000000    
  0.353599995       0.00000000    
  0.354399979       0.00000000    
  0.355199993       0.00000000    
  0.355999976       0.00000000    
  0.356799990       0.00000000    
  0.357600003       0.00000000    
  0.358399987       0.00000000    
  0.359200001       0.00000000    
  0.359999985       0.00000000    
  0.360799998       0.00000000    
  0.361599982       0.00000000    
  0.362399995       0.00000000    
  0.363199979       0.00000000    
  0.363999993       0.00000000    
  0.364799976       0.00000000    
  0.365599990       0.00000000    
  0.366400003       0.00000000    
  0.367199987       0.00000000    
  0.368000001       0.00000000    
  0.368799984       0.00000000    
  0.369599998       0.00000000    
  0.370399982       0.00000000    
  0.371199995       0.00000000    
  0.371999979       0.00000000    
  0.372799993       0.00000000    
  0.373599976       0.00000000    
  0.374399990       0.00000000    
  0.375200003       0.00000000    
  0.375999987       0.00000000    
  0.376800001       0.00000000    
  0.377599984       0.00000000    
  0.378399998       0.00000000    
  0.379199982       0.00000000    
  0.379999995       0.00000000    
  0.380799979       0.00000000    
  0.381599993       0.00000000    
  0.382399976       0.00000000    
  0.383199990       0.00000000    
  0.384000003       0.00000000    
  0.384799987       0.00000000    
  0.385600001       0.00000000    
  0.386399984       0.00000000    
  0.387199998       0.00000000    
  0.387999982       0.00000000    
  0.388799995       0.00000000    
  0.389599979       0.00000000    
  0.390399992       0.00000000    
  0.391199976       0.00000000    
  0.391999990       0.00000000    
  0.392800003       0.00000000    
  0.393599987       0.00000000    
  0.394400001       0.00000000    
  0.395199984       0.00000000    
  0.395999998       0.00000000    
  0.396799982       0.00000000    
  0.397599995       0.00000000    
  0.398399979       0.00000000    
  0.399199992       0.00000000    
  0.399999976       0.00000000    
  0.400799990       0.00000000    
  0.401600003       0.00000000    
  0.402399987       0.00000000    
  0.403200001       0.00000000    
  0.403999984       0.00000000    
  0.404799998       0.00000000    
  0.405599982       0.00000000    
  0.406399995       0.00000000    
  0.407199979       0.00000000    
  0.407999992       0.00000000    
  0.408799976       0.00000000    
  0.409599990       0.00000000    
  0.410400003       0.00000000    
  0.411199987       0.00000000    
  0.412000000       0.00000000    
  0.412799984       0.00000000    
  0.413599998       0.00000000    
  0.414399981       0.00000000    
  0.415199995       0.00000000    
  0.415999979       0.00000000    
  0.416799992       0.00000000    
  0.417599976       0.00000000    
  0.418399990       0.00000000    
  0.419200003       0.00000000    
  0.419999987       0.00000000    
  0.420800000       0.00000000    
  0.421599984       0.00000000    
  0.422399998       0.00000000    
  0.423199981       0.00000000    
  0.423999995       0.00000000    
  0.424799979       0.00000000    
  0.425599992       0.00000000    
  0.426399976       0.00000000    
  0.427199990       0.00000000    
  0.428000003       0.00000000    
  0.428799987       0.00000000    
  0.429600000       0.00000000    
  0.430399984       0.00000000    
  0.431199998       0.00000000    
  0.431999981       0.00000000    
  0.432799995       0.00000000    
  0.433599979       0.00000000    
  0.434399992       0.00000000    
  0.435199976       0.00000000    
  0.435999990       0.00000000    
  0.436800003       0.00000000    
  0.437599987       0.00000000    
  0.438400000       0.00000000    
  0.439199984       0.00000000    
  0.439999998       0.00000000    
  0.440799981       0.00000000    
  0.441599995       0.00000000    
  0.442399979       0.00000000    
  0.443199992       0.00000000    
  0.443999976       0.00000000    
  0.444799989       0.00000000    
  0.445600003       0.00000000    
  0.446399987       0.00000000    
  0.447200000       0.00000000    
  0.447999984       0.00000000    
  0.448799998       0.00000000    
  0.449599981       0.00000000    
  0.450399995       0.00000000    
  0.451199979       0.00000000    
  0.451999992       0.00000000    
  0.452799976       0.00000000    
  0.453599989       0.00000000    
  0.454400003       0.00000000    
  0.455199987       0.00000000    
  0.456000000       0.00000000    
  0.456799984       0.00000000    
  0.457599998       0.00000000    
  0.458399981       0.00000000    
  0.459199995       0.00000000    
  0.459999979       0.00000000    
  0.460799992       0.00000000    
  0.461599976       0.00000000    
  0.462399989       0.00000000    
  0.463200003       0.00000000    
  0.463999987       0.00000000    
  0.464800000       0.00000000    
  0.465599984       0.00000000    
  0.466399997       0.00000000    
  0.467199981       0.00000000    
  0.467999995       0.00000000    
  0.468799978       0.00000000    
  0.469599992       0.00000000    
  0.470399976       0.00000000    
  0.471199989       0.00000000    
  0.472000003       0.00000000    
  0.472799987       0.00000000    
  0.473600000       0.00000000    
  0.474399984       0.00000000    
  0.475199997       0.00000000    
  0.475999981       0.00000000    
  0.476799995       0.00000000    
  0.477599978       0.00000000    
  0.478399992       0.00000000    
  0.479199976       0.00000000    
  0.479999989       0.00000000    
  0.480799973       0.00000000    
  0.481599987       0.00000000    
  0.482400000       0.00000000    
  0.483199984       0.00000000    
  0.483999997       0.00000000    
  0.484799981       0.00000000    
  0.485599995       0.00000000    
  0.486399978       0.00000000    
  0.487199992       0.00000000    
  0.487999976       0.00000000    
  0.488799989       0.00000000    
  0.489599973       0.00000000    
  0.490399987       0.00000000    
  0.491200000       0.00000000    
  0.491999984       0.00000000    
  0.492799997       0.00000000    
  0.493599981       0.00000000    
  0.494399995       0.00000000    
  0.495199978       0.00000000    
  0.495999992       0.00000000    
  0.496799976       0.00000000    
  0.497599989       0.00000000    
  0.498399973       0.00000000    
  0.499199986       0.00000000    
  0.500000000       0.00000000    
  0.500800014       0.00000000    
  0.501599967       0.00000000    
  0.502399981       0.00000000    
  0.503199995       0.00000000    
  0.504000008       0.00000000    
  0.504799962       0.00000000    
  0.505599976       0.00000000    
  0.506399989       0.00000000    
  0.507200003       0.00000000    
  0.508000016       0.00000000    
  0.508799970       0.00000000    
  0.509599984       0.00000000    
  0.510399997       0.00000000    
  0.511200011       0.00000000    
  0.511999965       0.00000000    
  0.512799978       0.00000000    
  0.513599992       0.00000000    
  0.514400005       0.00000000    
  0.515199959       0.00000000    
  0.515999973       0.00000000    
  0.516799986       0.00000000    
  0.517600000       0.00000000    
  0.518400013       0.00000000    
  0.519199967       0.00000000    
  0.519999981       0.00000000    
  0.520799994       0.00000000    
  0.521600008       0.00000000    
  0.522399962       0.00000000    
  0.523199975       0.00000000    
  0.523999989       0.00000000    
  0.524800003       0.00000000    
  0.525600016       0.00000000    
  0.526399970       0.00000000    
  0.527199984       0.00000000    
  0.527999997       0.00000000    
  0.528800011       0.00000000    
  0.529599965       0.00000000    
  0.530399978       0.00000000    
  0.531199992       0.00000000    
  0.532000005       0.00000000    
  0.532799959       0.00000000    
  0.533599973       0.00000000    
  0.534399986       0.00000000    
  0.535200000       0.00000000    
  0.536000013       0.00000000    
  0.536799967       0.00000000    
  0.537599981       0.00000000    
  0.538399994       0.00000000    
  0.539200008       0.00000000    
  0.539999962       0.00000000    
  0.540799975       0.00000000    
  0.541599989       0.00000000    
  0.542400002       0.00000000    
  0.543200016       0.00000000    
  0.543999970       0.00000000    
  0.544799984       0.00000000    
  0.545599997       0.00000000    
  0.546400011       0.00000000    
  0.547199965       0.00000000    
  0.547999978       0.00000000    
  0.548799992       0.00000000    
  0.549600005       0.00000000    
  0.550399959       0.00000000    
  0.551199973       0.00000000    
  0.551999986       0.00000000    
  0.552800000       0.00000000    
  0.553600013       0.00000000    
  0.554399967       0.00000000    
  0.555199981       0.00000000    
  0.555999994       0.00000000    
  0.556800008       0.00000000    
  0.557599962       0.00000000    
  0.558399975       0.00000000    
  0.559199989       0.00000000    
  0.560000002       0.00000000    
  0.560799956       0.00000000    
  0.561599970       0.00000000    
  0.562399983       0.00000000    
  0.563199997       0.00000000    
  0.564000010       0.00000000    
  0.564799964       0.00000000    
  0.565599978       0.00000000    
  0.566399992       0.00000000    
  0.567200005       0.00000000    
  0.567999959       0.00000000    
  0.568799973       0.00000000    
  0.569599986       0.00000000    
  0.570400000       0.00000000    
  0.571200013       0.00000000    
  0.571999967       0.00000000    
  0.572799981       0.00000000    
  0.573599994       0.00000000    
  0.574400008       0.00000000    
  0.575199962       0.00000000    
  0.575999975       0.00000000    
  0.576799989       0.00000000    
  0.577600002       0.00000000    
  0.578399956       0.00000000    
  0.579199970       0.00000000    
  0.579999983       0.00000000    
  0.580799997       0.00000000    
  0.581600010       0.00000000    
  0.582399964       0.00000000    
  0.583199978       0.00000000    
  0.583999991       0.00000000    
  0.584800005       0.00000000    
  0.585599959       0.00000000    
  0.586399972       0.00000000    
  0.587199986       0.00000000    
  0.588000000       0.00000000    
  0.588800013       0.00000000    
  0.589599967       0.00000000    
  0.590399981       0.00000000    
  0.591199994       0.00000000    
  0.592000008       0.00000000    
  0.592799962       0.00000000    
  0.593599975       0.00000000    
  0.594399989       0.00000000    
  0.595200002       0.00000000    
  0.595999956       0.00000000    
  0.596799970       0.00000000    
  0.597599983       0.00000000    
  0.598399997       0.00000000    
  0.599200010       0.00000000    
  0.599999964       0.00000000    
  0.600799978       0.00000000    
  0.601599991       0.00000000    
  0.602400005       0.00000000    
  0.603199959       0.00000000    
  0.603999972       0.00000000    
  0.604799986       0.00000000    
  0.605599999       0.00000000    
  0.606400013       0.00000000    
  0.607199967       0.00000000    
  0.607999980       0.00000000    
  0.608799994       0.00000000    
  0.609600008       0.00000000    
  0.610399961       0.00000000    
  0.611199975       0.00000000    
  0.611999989       0.00000000    
  0.612800002       0.00000000    
  0.613599956       0.00000000    
  0.614399970       0.00000000    
  0.615199983       0.00000000    
  0.615999997       0.00000000    
  0.616800010       0.00000000    
  0.617599964       0.00000000    
  0.618399978       0.00000000    
  0.619199991       0.00000000    
  0.620000005       0.00000000    
  0.620799959       0.00000000    
  0.621599972       0.00000000    
  0.622399986       0.00000000    
  0.623199999       0.00000000    
  0.624000013       0.00000000    
  0.624799967       0.00000000    
  0.625599980       0.00000000    
  0.626399994       0.00000000    
  0.627200007       0.00000000    
  0.627999961       0.00000000    
  0.628799975       0.00000000    
  0.629599988       0.00000000    
  0.630400002       0.00000000    
  0.631199956       0.00000000    
  0.631999969       0.00000000    
  0.632799983       0.00000000    
  0.633599997       0.00000000    
  0.634400010       0.00000000    
  0.635199964       0.00000000    
  0.635999978       0.00000000    
  0.636799991       0.00000000    
  0.637600005       0.00000000    
  0.638399959       0.00000000    
  0.639199972       0.00000000    
  0.639999986       0.00000000    
  0.640799999       0.00000000    
  0.641600013       0.00000000    
  0.642399967       0.00000000    
  0.643199980       0.00000000    
  0.643999994       0.00000000    
  0.644800007       0.00000000    
  0.645599961       0.00000000    
  0.646399975       0.00000000    
  0.647199988       0.00000000    
  0.648000002       0.00000000    
  0.648799956       0.00000000    
  0.649599969       0.00000000    
  0.650399983       0.00000000    
  0.651199996       0.00000000    
  0.652000010       0.00000000    
  0.652799964       0.00000000    
  0.653599977       0.00000000    
  0.654399991       0.00000000    
  0.655200005       0.00000000    
  0.655999959       0.00000000    
  0.656799972       0.00000000    
  0.657599986       0.00000000    
  0.658399999       0.00000000    
  0.659200013       0.00000000    
  0.659999967       0.00000000    
  0.660799980       0.00000000    
  0.661599994       0.00000000    
  0.662400007       0.00000000    
  0.663199961       0.00000000    
  0.663999975       0.00000000    
  0.664799988       0.00000000    
  0.665600002       0.00000000    
  0.666399956       0.00000000    
  0.667199969       0.00000000    
  0.667999983       0.00000000    
  0.668799996       0.00000000    
  0.669600010       0.00000000    
  0.670399964       0.00000000    
  0.671199977       0.00000000    
  0.671999991       0.00000000    
  0.672800004       0.00000000    
  0.673599958       0.00000000    
  0.674399972       0.00000000    
  0.675199986       0.00000000    
  0.675999999       0.00000000    
  0.676800013       0.00000000    
  0.677599967       0.00000000    
  0.678399980       0.00000000    
  0.679199994       0.00000000    
  0.680000007       0.00000000    
  0.680799961       0.00000000    
  0.681599975       0.00000000    
  0.682399988       0.00000000    
  0.683200002       0.00000000    
  0.683999956       0.00000000    
  0.684799969       0.00000000    
  0.685599983       0.00000000    
  0.686399996       0.00000000    
  0.687200010       0.00000000    
  0.687999964       0.00000000    
  0.688799977       0.00000000    
  0.689599991       0.00000000    
  0.690400004       0.00000000    
  0.691199958       0.00000000    
  0.691999972       0.00000000    
  0.692799985       0.00000000    
  0.693599999       0.00000000    
  0.694399953       0.00000000    
  0.695199966       0.00000000    
  0.695999980       0.00000000    
  0.696799994       0.00000000    
  0.697600007       0.00000000    
  0.698399961       0.00000000    
  0.699199975       0.00000000    
  0.699999988       0.00000000    
  0.700800002       0.00000000    
  0.701599956       0.00000000    
  0.702399969       0.00000000    
  0.703199983       0.00000000    
  0.703999996       0.00000000    
  0.704800010       0.00000000    
  0.705599964       0.00000000    
  0.706399977       0.00000000    
  0.707199991       0.00000000    
  0.708000004       0.00000000    
  0.708799958       0.00000000    
  0.709599972       0.00000000    
  0.710399985       0.00000000    
  0.711199999       0.00000000    
  0.711999953       0.00000000    
  0.712799966       0.00000000    
  0.713599980       0.00000000    
  0.714399993       0.00000000    
  0.715200007       0.00000000    
  0.715999961       0.00000000    
  0.716799974       0.00000000    
  0.717599988       0.00000000    
  0.718400002       0.00000000    
  0.719199955       0.00000000    
  0.719999969       0.00000000    
  0.720799983       0.00000000    
  0.721599996       0.00000000    
  0.722400010       0.00000000    
  0.723199964       0.00000000    
  0.723999977       0.00000000    
  0.724799991       0.00000000    
  0.725600004       0.00000000    
  0.726399958       0.00000000    
  0.727199972       0.00000000    
  0.727999985       0.00000000    
  0.728799999       0.00000000    
  0.729599953       0.00000000    
  0.730399966       0.00000000    
  0.731199980       0.00000000    
  0.731999993       0.00000000    
  0.732800007       0.00000000    
  0.733599961       0.00000000    
  0.734399974       0.00000000    
  0.735199988       0.00000000    
  0.736000001       0.00000000    
  0.736799955       0.00000000    
  0.737599969       0.00000000    
  0.738399982       0.00000000    
  0.739199996       0.00000000    
  0.740000010       0.00000000    
  0.740799963       0.00000000    
  0.741599977       0.00000000    
  0.742399991       0.00000000    
  0.743200004       0.00000000    
  0.743999958       0.00000000    
  0.744799972       0.00000000    
  0.745599985       0.00000000    
  0.746399999       0.00000000    
  0.747199953       0.00000000    
  0.747999966       0.00000000    
  0.748799980       0.00000000    
  0.749599993       0.00000000    
  0.750400007       0.00000000    
  0.751199961       0.00000000    
  0.751999974       0.00000000    
  0.752799988       0.00000000    
  0.753600001       0.00000000    
  0.754399955       0.00000000    
  0.755199969       0.00000000    
  0.755999982       0.00000000    
  0.756799996       0.00000000    
  0.757600009       0.00000000    
  0.758399963       0.00000000    
  0.759199977       0.00000000    
  0.759999990       0.00000000    
  0.760800004       0.00000000    
  0.761599958       0.00000000    
  0.762399971       0.00000000    
  0.763199985       0.00000000    
  0.763999999       0.00000000    
  0.764799953       0.00000000    
  0.765599966       0.00000000    
  0.766399980       0.00000000    
  0.767199993       0.00000000    
  0.768000007       0.00000000    
  0.768799961       0.00000000    
  0.769599974       0.00000000    
  0.770399988       0.00000000    
  0.771200001       0.00000000    
  0.771999955       0.00000000    
  0.772799969       0.00000000    
  0.773599982       0.00000000    
  0.774399996       0.00000000    
  0.775200009       0.00000000    
  0.775999963       0.00000000    
  0.776799977       0.00000000    
  0.777599990       0.00000000    
  0.778400004       0.00000000    
  0.779199958       0.00000000    
  0.779999971       0.00000000    
  0.780799985       0.00000000    
  0.781599998       0.00000000    
  0.782399952       0.00000000    
  0.783199966       0.00000000    
  0.783999979       0.00000000    
  0.784799993       0.00000000    
  0.785600007       0.00000000    
  0.786399961       0.00000000    
  0.787199974       0.00000000    
  0.787999988       0.00000000    
  0.788800001       0.00000000    
  0.789599955       0.00000000    
  0.790399969       0.00000000    
  0.791199982       0.00000000    
  0.791999996       0.00000000    
  0.792800009       0.00000000    
  0.793599963       0.00000000    
  0.794399977       0.00000000    
  0.795199990       0.00000000    
  0.796000004       0.00000000    
  0.796799958       0.00000000    
  0.797599971       0.00000000    
  0.798399985       0.00000000    
  0.799199998       0.00000000    
  0.799999952       0.00000000    
  0.800799966       0.00000000    
  0.801599979       0.00000000    
  0.802399993       0.00000000    
  0.803200006       0.00000000    
  0.803999960       0.00000000    
  0.804799974       0.00000000    
  0.805599988       0.00000000    
  0.806400001       0.00000000    
  0.807199955       0.00000000    
  0.807999969       0.00000000    
  0.808799982       0.00000000    
  0.809599996       0.00000000    
  0.810400009       0.00000000    
  0.811199963       0.00000000    
  0.811999977       0.00000000    
  0.812799990       0.00000000    
  0.813600004       0.00000000    
  0.814399958       0.00000000    
  0.815199971       0.00000000    
  0.815999985       0.00000000    
  0.816799998       0.00000000    
  0.817599952       0.00000000    
  0.818399966       0.00000000    
  0.819199979       0.00000000    
  0.819999993       0.00000000    
  0.820800006       0.00000000    
  0.821599960       0.00000000    
  0.822399974       0.00000000    
  0.823199987       0.00000000    
  0.824000001       0.00000000    
  0.824799955       0.00000000    
  0.825599968       0.00000000    
  0.826399982       0.00000000    
  0.827199996       0.00000000    
  0.827999949       0.00000000    
  0.828799963       0.00000000    
  0.829599977       0.00000000    
  0.830399990       0.00000000    
  0.831200004       0.00000000    
  0.831999958       0.00000000    
  0.832799971       0.00000000    
  0.833599985       0.00000000    
  0.834399998       0.00000000    
  0.835199952       0.00000000    
  0.835999966       0.00000000    
  0.836799979       0.00000000    
  0.837599993       0.00000000    
  0.838400006       0.00000000    
  0.839199960       0.00000000    
  0.839999974       0.00000000    
  0.840799987       0.00000000    
  0.841600001       0.00000000    
  0.842399955       0.00000000    
  0.843199968       0.00000000    
  0.843999982       0.00000000    
  0.844799995       0.00000000    
  0.845599949       0.00000000    
  0.846399963       0.00000000    
  0.847199976       0.00000000    
  0.847999990       0.00000000    
  0.848800004       0.00000000    
  0.849599957       0.00000000    
  0.850399971       0.00000000    
  0.851199985       0.00000000    
  0.851999998       0.00000000    
  0.852799952       0.00000000    
  0.853599966       0.00000000    
  0.854399979       0.00000000    
  0.855199993       0.00000000    
  0.856000006       0.00000000    
  0.856799960       0.00000000    
  0.857599974       0.00000000    
  0.858399987       0.00000000    
  0.859200001       0.00000000    
  0.859999955       0.00000000    
  0.860799968       0.00000000    
  0.861599982       0.00000000    
  0.862399995       0.00000000    
  0.863199949       0.00000000    
  0.863999963       0.00000000    
  0.864799976       0.00000000    
  0.865599990       0.00000000    
  0.866400003       0.00000000    
  0.867199957       0.00000000    
  0.867999971       0.00000000    
  0.868799984       0.00000000    
  0.869599998       0.00000000    
  0.870399952       0.00000000    
  0.871199965       0.00000000    
  0.871999979       0.00000000    
  0.872799993       0.00000000    
  0.873600006       0.00000000    
  0.874399960       0.00000000    
  0.875199974       0.00000000    
  0.875999987       0.00000000    
  0.876800001       0.00000000    
  0.877599955       0.00000000    
  0.878399968       0.00000000    
  0.879199982       0.00000000    
  0.879999995       0.00000000    
  0.880799949       0.00000000    
  0.881599963       0.00000000    
  0.882399976       0.00000000    
  0.883199990       0.00000000    
  0.884000003       0.00000000    
  0.884799957       0.00000000    
  0.885599971       0.00000000    
  0.886399984       0.00000000    
  0.887199998       0.00000000    
  0.887999952       0.00000000    
  0.888799965       0.00000000    
  0.889599979       0.00000000    
  0.890399992       0.00000000    
  0.891200006       0.00000000    
  0.891999960       0.00000000    
  0.892799973       0.00000000    
  0.893599987       0.00000000    
  0.894400001       0.00000000    
  0.895199955       0.00000000    
  0.895999968       0.00000000    
  0.896799982       0.00000000    
  0.897599995       0.00000000    
  0.898399949       0.00000000    
  0.899199963       0.00000000    
  0.899999976       0.00000000    
  0.900799990       0.00000000    
  0.901600003       0.00000000    
  0.902399957       0.00000000    
  0.903199971       0.00000000    
  0.903999984       0.00000000    
  0.904799998       0.00000000    
  0.905599952       0.00000000    
  0.906399965       0.00000000    
  0.907199979       0.00000000    
  0.907999992       0.00000000    
  0.908800006       0.00000000    
  0.909599960       0.00000000    
  0.910399973       0.00000000    
  0.911199987       0.00000000    
  0.912000000       0.00000000    
  0.912799954       0.00000000    
  0.913599968       0.00000000    
  0.914399981       0.00000000    
  0.915199995       0.00000000    
  0.915999949       0.00000000    
  0.916799963       0.00000000    
  0.917599976       0.00000000    
  0.918399990       0.00000000    
  0.919200003       0.00000000    
  0.919999957       0.00000000    
  0.920799971       0.00000000    
  0.921599984       0.00000000    
  0.922399998       0.00000000    
  0.923199952       0.00000000    
  0.923999965       0.00000000    
  0.924799979       0.00000000    
  0.925599992       0.00000000    
  0.926400006       0.00000000    
  0.927199960       0.00000000    
  0.927999973       0.00000000    
  0.928799987       0.00000000    
  0.929600000       0.00000000    
  0.930399954       0.00000000    
  0.931199968       0.00000000    
  0.931999981       0.00000000    
  0.932799995       0.00000000    
  0.933599949       0.00000000    
  0.934399962       0.00000000    
  0.935199976       0.00000000    
  0.935999990       0.00000000    
  0.936800003       0.00000000    
  0.937599957       0.00000000    
  0.938399971       0.00000000    
  0.939199984       0.00000000    
  0.939999998       0.00000000    
  0.940799952       0.00000000    
  0.941599965       0.00000000    
  0.942399979       0.00000000    
  0.943199992       0.00000000    
  0.944000006       0.00000000    
  0.944799960       0.00000000    
  0.945599973       0.00000000    
  0.946399987       0.00000000    
  0.947200000       0.00000000    
  0.947999954       0.00000000    
  0.948799968       0.00000000    
  0.949599981       0.00000000    
  0.950399995       0.00000000    
  0.951199949       0.00000000    
  0.951999962       0.00000000    
  0.952799976       0.00000000    
  0.953599989       0.00000000    
  0.954400003       0.00000000    
  0.955199957       0.00000000    
  0.955999970       0.00000000    
  0.956799984       0.00000000    
  0.957599998       0.00000000    
  0.958399951       0.00000000    
  0.959199965       0.00000000    
  0.959999979       0.00000000    
  0.960799992       0.00000000    
  0.961599946       0.00000000    
  0.962399960       0.00000000    
  0.963199973       0.00000000    
  0.963999987       0.00000000    
  0.964800000       0.00000000    
  0.965599954       0.00000000    
  0.966399968       0.00000000    
  0.967199981       0.00000000    
  0.967999995       0.00000000    
  0.968799949       0.00000000    
  0.969599962       0.00000000    
  0.970399976       0.00000000    
  0.971199989       0.00000000    
  0.972000003       0.00000000    
  0.972799957       0.00000000    
  0.973599970       0.00000000    
  0.974399984       0.00000000    
  0.975199997       0.00000000    
  0.975999951       0.00000000    
  0.976799965       0.00000000    
  0.977599978       0.00000000    
  0.978399992       0.00000000    
  0.979199946       0.00000000    
  0.979999959       0.00000000    
  0.980799973       0.00000000    
  0.981599987       0.00000000    
  0.982400000       0.00000000    
  0.983199954       0.00000000    
  0.983999968       0.00000000    
  0.984799981       0.00000000    
  0.985599995       0.00000000    
  0.986399949       0.00000000    
  0.987199962       0.00000000    
  0.987999976       0.00000000    
  0.988799989       0.00000000    
  0.989600003       0.00000000    
  0.990399957       0.00000000    
  0.991199970       0.00000000    
  0.991999984       0.00000000    
  0.992799997       0.00000000    
  0.993599951       0.00000000    
  0.994399965       0.00000000    
  0.995199978       0.00000000    
  0.995999992       0.00000000    
  0.996799946       0.00000000    
  0.997599959       0.00000000    
  0.998399973       0.00000000    
  0.999199986       0.00000000    
   1.00000000       0.00000000    
   1.00080001       0.00000000    
